date,returns
2011-10-04,0.0
2011-10-05,0.07577548101938067
2011-10-06,0.047845128613901416
2011-10-07,-0.010227192803323026
2011-10-10,0.09471473331400275
2011-10-11,0.0002180162046901205
2011-10-12,-0.00021796868398489682
2011-10-13,0.0002180162046901205
2011-10-14,-0.00021796868398489682
2011-10-17,0.0
2011-10-18,0.0002180162046901205
2011-10-19,0.0
2011-10-20,0.0
2011-10-21,-0.00021796868398489682
2011-10-24,0.0
2011-10-25,0.0002180162046901205
2011-10-26,0.012983970900204067
2011-10-27,-0.00021796868398489682
2011-10-28,0.0
2011-10-31,-0.0002182246331840881
2011-11-01,0.0004363360571502252
2011-11-02,-0.00021796868398489682
2011-11-03,0.06858560593782151
2011-11-04,0.001723714402962235
2011-11-07,0.010928727665988732
2011-11-08,0.029040292127731376
2011-11-09,-0.00021796868398489682
2011-11-10,0.015265081087308242
2011-11-11,0.0720276761427368
2011-11-14,0.0002180162046901205
2011-11-15,0.02900611070898921
2011-11-16,0.0002180162046901205
2011-11-17,-0.07729766496044638
2011-11-18,0.0
2011-11-21,0.0
2011-11-22,-0.00021796868398489682
2011-11-23,0.0002180162046901205
2011-11-25,-0.023312022670475947
2011-11-28,0.06845405765496247
2011-11-29,-0.0004361457510328767
2011-11-30,0.0002182722655691762
2011-12-01,-0.0002182246331840881
2011-12-02,0.0002182722655691762
2011-12-05,0.0
2011-12-06,0.0002180162046901205
2011-12-07,-0.00021796868398489682
2011-12-08,0.0
2011-12-09,0.04458640922588438
2011-12-12,0.0
2011-12-13,-0.04559960986686815
2011-12-14,-0.04291869339204994
2011-12-15,-0.0002182246331840881
2011-12-16,0.0002182722655691762
2011-12-19,0.0
2011-12-20,0.0
2011-12-21,-0.021063957204552772
2011-12-22,0.0
2011-12-23,0.021026765563117018
2011-12-27,0.0023392106330382967
2011-12-28,4.377953750671156e-05
2011-12-29,0.025368876348377707
2011-12-30,-0.010526890149250016
2012-01-03,0.04591805293664649
2012-01-04,0.0
2012-01-05,0.0
2012-01-06,0.0
2012-01-09,0.00021810180329114788
2012-01-10,0.0
2012-01-11,-0.00021805424526703983
2012-01-12,0.0
2012-01-13,0.0
2012-01-17,0.015674843273136597
2012-01-18,0.0
2012-01-19,0.0
2012-01-20,0.0
2012-01-23,0.0
2012-01-24,0.0
2012-01-25,0.0
2012-01-26,0.0
2012-01-27,0.0
2012-01-30,0.00021810180329114788
2012-01-31,0.001545840758905657
2012-02-01,0.04000952928226225
2012-02-02,-0.0301391314741278
2012-02-03,-0.05263153639889005
2012-02-06,-0.023897147035751052
2012-02-07,0.007423962006124361
2012-02-08,0.04638212006117909
2012-02-09,0.09929082066026361
2012-02-10,0.17096774562941383
2012-02-13,-0.00021805424526703983
2012-02-14,0.03014150771167549
2012-02-15,0.05655255763253524
2012-02-16,0.00021810180329114788
2012-02-17,-0.00021805424526703983
2012-02-21,0.0
2012-02-22,0.0
2012-02-23,0.0
2012-02-24,0.00021810180329114788
2012-02-27,-0.00021805424526703983
2012-02-28,0.0
2012-02-29,0.00021810180329114788
2012-03-01,-0.00021805424526703983
2012-03-02,0.0
2012-03-05,0.0
2012-03-06,0.0
2012-03-07,0.031150908724611875
2012-03-08,0.034943437714212114
2012-03-09,0.0
2012-03-12,0.0
2012-03-13,0.0
2012-03-14,-0.00021805424526703983
2012-03-15,0.0
2012-03-16,0.0
2012-03-19,0.00021810180329114788
2012-03-20,-0.048283759174852295
2012-03-21,-0.04913880252383316
2012-03-22,0.010393254652089448
2012-03-23,0.0
2012-03-26,0.0
2012-03-27,0.09910666116759329
2012-03-28,0.005999088100187484
2012-03-29,-0.00021805424526703983
2012-03-30,0.0
2012-04-02,-0.00021831031361934207
2012-04-03,0.00021835798341918362
2012-04-04,-0.00021831031361934207
2012-04-05,0.00021835798341918362
2012-04-09,0.00021810180329114788
2012-04-10,-0.050988360892994064
2012-04-11,0.028006485114268793
2012-04-12,0.043695827931718584
2012-04-13,-0.04449652210489431
2012-04-16,-0.01133363351271239
2012-04-17,0.049998861138651984
2012-04-18,-0.013885598509221636
2012-04-19,-0.027248066192826517
2012-04-20,-0.025714060120575206
2012-04-23,-0.02912783517624805
2012-04-24,-0.010312077221548668
2012-04-25,0.06296083840491183
2012-04-26,0.035070494703949046
2012-04-27,0.007982728659344145
2012-04-30,-0.016749969040481844
2012-05-01,0.01217079708888853
2012-05-02,0.00456620177662154
2012-05-03,-0.04254692397636657
2012-05-04,-0.062122709676630854
2012-05-07,-0.0007776865994872499
2012-05-08,-0.013725515142949058
2012-05-09,-0.010443341975360308
2012-05-10,-0.005625891848557457
2012-05-11,0.0035894074660563426
2012-05-14,-0.02936874997935824
2012-05-15,-0.019465509008255423
2012-05-16,-0.026534245479948416
2012-05-17,-0.06108867928358087
2012-05-18,-0.041109312940938766
2012-05-21,0.0712874878047047
2012-05-22,-0.006797389260193513
2012-05-23,0.003944139166978344
2012-05-24,0.0004365074109802782
2012-05-25,0.012042138669280137
2012-05-29,0.0
2012-05-30,-0.04077689277131548
2012-05-31,0.0
2012-06-01,0.0
2012-06-04,0.0006834401054639722
2012-06-05,0.030344618057858153
2012-06-06,-0.00021805424526703983
2012-06-07,0.0
2012-06-08,0.0
2012-06-11,0.0
2012-06-12,0.00021810180329114788
2012-06-13,0.0
2012-06-14,0.0
2012-06-15,0.036351597180876646
2012-06-18,0.027899788671995385
2012-06-19,0.03071177963146102
2012-06-20,0.01103349942208668
2012-06-21,0.0004365074109802782
2012-06-22,-0.00021805424526703983
2012-06-25,-0.06799203440017228
2012-06-26,0.0
2012-06-27,-0.00021805424526703983
2012-06-28,-0.021371495333156278
2012-06-29,0.09900853333286863
2012-07-02,0.003944929360311022
2012-07-03,0.02995667815411255
2012-07-05,0.0
2012-07-06,-0.04648696213997214
2012-07-09,-0.014169213274040988
2012-07-10,-0.04233981849428523
2012-07-11,-0.014895805722725895
2012-07-12,-0.02914193806884183
2012-07-13,0.03874489224852034
2012-07-16,-0.015561783768000393
2012-07-17,0.00719102161786181
2012-07-18,0.05464784702706172
2012-07-19,0.03502269050943197
2012-07-20,-0.03889677240871057
2012-07-23,-0.03203790149429277
2012-07-24,-0.01910615467138775
2012-07-25,0.00963482577626453
2012-07-26,0.05271915841310444
2012-07-27,0.06723659494575694
2012-07-30,-0.011026545450304234
2012-07-31,0.0019333032409604642
2012-08-01,-0.005044834081439505
2012-08-02,-0.013900218580471174
2012-08-03,0.05890273193770866
2012-08-06,0.00021810180329114788
2012-08-07,-0.00021805424526703983
2012-08-08,-0.00021831031361934207
2012-08-09,0.0
2012-08-10,0.0
2012-08-13,0.0
2012-08-14,0.0
2012-08-15,0.0
2012-08-16,0.0
2012-08-17,0.0
2012-08-20,0.001988107267647877
2012-08-21,0.02376235511718534
2012-08-22,0.0
2012-08-23,0.0
2012-08-24,0.0
2012-08-27,0.0
2012-08-28,0.0
2012-08-29,0.0
2012-08-30,0.0
2012-08-31,0.023914719930512446
2012-09-04,-0.009695784485056248
2012-09-05,-0.009308752707057916
2012-09-06,0.07763962514274449
2012-09-07,-0.00021831031361934207
2012-09-10,0.0
2012-09-11,0.0
2012-09-12,0.0
2012-09-13,0.0
2012-09-14,0.0
2012-09-17,-0.00780292399005805
2012-09-18,0.0
2012-09-19,0.0
2012-09-20,0.0
2012-09-21,0.0
2012-09-24,0.0
2012-09-25,0.0
2012-09-26,-0.020754731615507976
2012-09-27,0.045824710132534086
2012-09-28,-0.02198958296697149
2012-10-01,-0.002127949439798235
2012-10-02,0.009634507974824635
2012-10-03,0.004664124368026132
2012-10-04,0.01934654473355229
2012-10-05,0.0
2012-10-08,0.0
2012-10-09,0.0
2012-10-10,0.00021835798341918362
2012-10-11,-0.0005903445035414859
2012-10-12,-0.009250326207312781
2012-10-15,0.02950449620142019
2012-10-16,0.04622235353711193
2012-10-17,0.00021835798341918362
2012-10-18,-0.00021831031361934207
2012-10-19,0.0
2012-10-22,0.004880612181070639
2012-10-23,0.00021835798341918362
2012-10-24,-0.0211261452918662
2012-10-25,0.01645772035269542
2012-10-26,0.0072762490830505094
2012-10-31,-0.008317015025573676
2012-11-01,0.060180076938802465
2012-11-02,-0.040231887875861044
2012-11-05,0.02714657797235477
2012-11-06,0.02294644426458828
2012-11-07,-0.07193457504536065
2012-11-08,-0.040251685593374414
2012-11-09,0.004598183833288476
2012-11-12,0.0004919565255514746
2012-11-13,0.0
2012-11-14,-0.01191104883888433
2012-11-15,-0.006326115378320366
2012-11-16,0.00816202688077581
2012-11-19,0.04480749642667965
2012-11-20,-0.00021831031361934207
2012-11-21,0.0
2012-11-23,0.04431563149471775
2012-11-26,0.0
2012-11-27,0.0
2012-11-28,0.027949661720643795
2012-11-29,0.013404639128094864
2012-11-30,-0.0034506515871046218
2012-12-03,-0.009921863717243285
2012-12-04,0.0016529768888580202
2012-12-05,-0.010847584402365327
2012-12-06,0.021974651065070083
2012-12-07,-0.001123376462584461
2012-12-10,0.010067012197494432
2012-12-11,0.03899809168430628
2012-12-12,0.0
2012-12-13,0.0
2012-12-14,0.0
2012-12-17,0.0
2012-12-18,0.00021835798341918362
2012-12-19,-0.00021831031361934207
2012-12-20,0.0
2012-12-21,0.0
2012-12-24,0.0
2012-12-26,0.0
2012-12-27,0.0
2012-12-28,-0.026958897895923137
2012-12-31,0.05686980820122221
2013-01-02,0.0
2013-01-03,0.0
2013-01-04,0.00021835798341918362
2013-01-07,-0.00043682913756687837
2013-01-08,0.0
2013-01-09,0.0
2013-01-10,0.0
2013-01-11,0.0
2013-01-14,0.0
2013-01-15,0.0
2013-01-16,0.0
2013-01-17,0.0002186143210528616
2013-01-18,-0.0002185665392772726
2013-01-22,0.0
2013-01-23,0.0
2013-01-24,0.0002186143210528616
2013-01-25,-0.0002185665392772726
2013-01-28,0.027935612121212122
2013-01-29,0.0
2013-01-30,0.06411484557001916
2013-01-31,0.0002186143210528616
2013-02-01,-0.0002185665392772726
2013-02-04,0.0
2013-02-05,0.0002186143210528616
2013-02-06,0.0
2013-02-07,0.0
2013-02-08,0.0
2013-02-11,0.0
2013-02-12,0.0
2013-02-13,-0.0002185665392772726
2013-02-14,0.0002186143210528616
2013-02-15,-0.0002185665392772726
2013-02-19,0.0
2013-02-20,0.0002186143210528616
2013-02-21,-0.0002185665392772726
2013-02-22,0.0002186143210528616
2013-02-25,-0.0002185665392772726
2013-02-26,0.018826387413299173
2013-02-27,0.037366211646947714
2013-02-28,0.0
2013-03-01,0.0
2013-03-04,-0.0002185665392772726
2013-03-05,0.0002186143210528616
2013-03-06,-0.0002185665392772726
2013-03-07,0.0002186143210528616
2013-03-08,-0.0002185665392772726
2013-03-11,0.0002186143210528616
2013-03-12,-0.0002185665392772726
2013-03-13,0.0002186143210528616
2013-03-14,0.0
2013-03-15,0.0
2013-03-18,-0.0002185665392772726
2013-03-19,0.0
2013-03-20,0.0
2013-03-21,0.0
2013-03-22,0.0002186143210528616
2013-03-25,-0.0002185665392772726
2013-03-26,0.0002186143210528616
2013-03-27,-0.0002185665392772726
2013-03-28,0.0002186143210528616
2013-04-01,-0.0002185665392772726
2013-04-02,0.0002186143210528616
2013-04-03,-0.0002185665392772726
2013-04-04,0.017588609898265946
2013-04-05,-0.017309661622907573
2013-04-08,0.0240609447190794
2013-04-09,0.018418830822160826
2013-04-10,0.05389348538915859
2013-04-11,-0.0002185665392772726
2013-04-12,0.0002186143210528616
2013-04-15,-0.0665633886917394
2013-04-16,0.047852929640923504
2013-04-17,-0.06744001920461831
2013-04-18,-0.02867141062945828
2013-04-19,0.029517601081924524
2013-04-22,0.024880930740091414
2013-04-23,0.042306419314173525
2013-04-24,0.012014441574740896
2013-04-25,0.018902759915714294
2013-04-26,-0.013335573576796555
2013-04-29,0.026305058979197993
2013-04-30,0.019420626835614893
2013-05-01,-0.022149377802979302
2013-05-02,0.03452128341970034
2013-05-03,0.031059527335283603
2013-05-06,0.0
2013-05-07,0.0
2013-05-08,0.0002186143210528616
2013-05-09,0.0
2013-05-10,-0.0002185665392772726
2013-05-13,0.0002186143210528616
2013-05-14,-0.0002185665392772726
2013-05-15,0.0
2013-05-16,0.0
2013-05-17,0.0002186143210528616
2013-05-20,0.014050009086536483
2013-05-21,0.0002186143210528616
2013-05-22,0.0
2013-05-23,0.0
2013-05-24,0.0
2013-05-28,-0.0002185665392772726
2013-05-29,0.0002186143210528616
2013-05-30,-0.0002185665392772726
2013-05-31,0.0002186143210528616
2013-06-03,0.0
2013-06-04,0.0
2013-06-05,0.0
2013-06-06,-0.0002185665392772726
2013-06-07,0.0002186143210528616
2013-06-10,-0.0002185665392772726
2013-06-11,0.0002186143210528616
2013-06-12,-0.0002185665392772726
2013-06-13,0.0002186143210528616
2013-06-14,-0.0002185665392772726
2013-06-17,0.0
2013-06-18,0.0
2013-06-19,0.0
2013-06-20,0.0
2013-06-21,0.0002186143210528616
2013-06-24,0.0
2013-06-25,0.0
2013-06-26,0.0
2013-06-27,-0.0002185665392772726
2013-06-28,0.0
2013-07-01,0.0002186143210528616
2013-07-02,-0.0002185665392772726
2013-07-03,0.0002186143210528616
2013-07-05,0.0
2013-07-08,-0.0004368202447674117
2013-07-09,0.0
2013-07-10,0.0
2013-07-11,0.0
2013-07-12,0.0
2013-07-15,0.0
2013-07-16,0.0
2013-07-17,0.0
2013-07-18,0.00021834908479080218
2013-07-19,0.0
2013-07-22,0.0
2013-07-23,0.0
2013-07-24,0.0002186143210528616
2013-07-25,-0.0004368202447674117
2013-07-26,0.0
2013-07-29,0.00021834908479080218
2013-07-30,-0.0002183014188757821
2013-07-31,0.00021834908479080218
2013-08-01,-0.0002183014188757821
2013-08-02,0.00021834908479080218
2013-08-05,0.0
2013-08-06,0.0
2013-08-07,-0.0002183014188757821
2013-08-08,0.0
2013-08-09,0.00021834908479080218
2013-08-12,0.0
2013-08-13,0.0
2013-08-14,0.0
2013-08-15,0.0
2013-08-16,0.0
2013-08-19,-0.0002183014188757821
2013-08-20,0.005050353843158057
2013-08-21,0.0
2013-08-22,-0.0002183014188757821
2013-08-23,0.00021834908479080218
2013-08-26,-0.0002183014188757821
2013-08-27,0.0
2013-08-28,0.018508418121077373
2013-08-29,0.02150352866578028
2013-08-30,-0.019031548154237334
2013-09-03,0.018138029954828758
2013-09-04,0.0
2013-09-05,0.0
2013-09-06,0.0
2013-09-09,-0.0004367071384772574
2013-09-10,0.0002185011406093448
2013-09-11,0.0
2013-09-12,0.0
2013-09-13,0.00021834908479080218
2013-09-16,-0.0002183014188757821
2013-09-17,0.0
2013-09-18,0.00021834908479080218
2013-09-19,0.0
2013-09-20,-0.0002183014188757821
2013-09-23,0.0
2013-09-24,0.0
2013-09-25,-0.005266728600750802
2013-09-26,0.010616529800498833
2013-09-27,-0.013407813498410526
2013-09-30,-0.006523097481269808
2013-10-01,0.02602630237624854
2013-10-02,-0.002774883773125398
2013-10-03,-0.023168991908951858
2013-10-04,0.023232871885625953
2013-10-07,-0.021631978441627488
2013-10-08,-0.04648829282527257
2013-10-09,-0.007064530541898201
2013-10-10,0.06539272118011649
2013-10-11,0.017003738479430434
2013-10-14,0.017644919527437276
2013-10-15,0.0
2013-10-16,0.00021802693451938315
2013-10-17,0.019227995421532803
2013-10-18,0.024809503275065228
2013-10-21,0.006532075335232538
2013-10-22,0.0
2013-10-23,-0.042425820234509325
2013-10-24,0.01531517095059012
2013-10-25,0.014841587536244176
2013-10-28,0.00930460259318697
2013-10-29,0.021694583936916628
2013-10-30,0.0
2013-10-31,-4.286673978861613e-05
2013-11-01,-0.0007454438753592518
2013-11-04,0.0
2013-11-05,0.0
2013-11-06,0.0002185011406093448
2013-11-07,-0.00021845340829046333
2013-11-08,0.03738889976208429
2013-11-11,0.0002185011406093448
2013-11-12,0.0
2013-11-13,0.0
2013-11-14,-0.00021845340829046333
2013-11-15,0.0
2013-11-18,0.0
2013-11-19,0.0
2013-11-20,0.0
2013-11-21,0.0002185011406093448
2013-11-22,-0.00021845340829046333
2013-11-25,0.0
2013-11-26,0.0
2013-11-27,0.0002185011406093448
2013-11-29,-0.00043638519908262085
2013-12-02,0.00021802693451938315
2013-12-03,0.0002185011406093448
2013-12-04,0.0
2013-12-05,0.0
2013-12-06,0.0
2013-12-09,0.0
2013-12-10,-0.00021845340829046333
2013-12-11,0.0002185011406093448
2013-12-12,0.0
2013-12-13,0.0
2013-12-16,-0.00021845340829046333
2013-12-17,0.0
2013-12-18,0.0002185011406093448
2013-12-19,0.0
2013-12-20,-0.00021845340829046333
2013-12-23,0.0
2013-12-24,0.0
2013-12-26,0.0
2013-12-27,0.0002185011406093448
2013-12-30,0.0
2013-12-31,-0.00043638519908262085
2014-01-02,0.0
2014-01-03,0.00021802693451938315
2014-01-06,-0.00021797940913702066
2014-01-07,0.00021802693451938315
2014-01-08,0.0
2014-01-09,-0.00021797940913702066
2014-01-10,0.00021802693451938315
2014-01-13,0.0
2014-01-14,0.05242055899703827
2014-01-15,0.0
2014-01-16,0.0
2014-01-17,-0.00021797940913702066
2014-01-21,0.01719546804308702
2014-01-22,0.015062083218900645
2014-01-23,0.0
2014-01-24,-0.06468668792347687
2014-01-27,-0.020833173666707373
2014-01-28,0.010037312237819713
2014-01-29,-0.02512343561819852
2014-01-30,0.041396640958203015
2014-01-31,-0.013806681139745171
2014-02-03,-0.06542702284058485
2014-02-04,0.00712580524490118
2014-02-05,-0.0032671877873286068
2014-02-06,0.041676118697816414
2014-02-07,0.04664237798040814
2014-02-10,0.012656492106809
2014-02-11,0.0351034067026296
2014-02-12,0.012011987255162677
2014-02-13,0.02529382988229937
2014-02-14,0.011844394167093118
2014-02-18,-0.00021797940913702066
2014-02-19,-0.01447485242176092
2014-02-20,0.018312856566439453
2014-02-21,-0.007739263130658374
2014-02-24,0.014331799234445476
2014-02-25,0.0
2014-02-26,0.005621736533355835
2014-02-27,0.011460121076205485
2014-02-28,-0.000232047167893226
2014-03-03,-0.020101966569195783
2014-03-04,0.04554266353411378
2014-03-05,0.00021802693451938315
2014-03-06,0.0
2014-03-07,-0.00021797940913702066
2014-03-10,0.0
2014-03-11,0.0
2014-03-12,0.0
2014-03-13,0.0
2014-03-14,-0.015733604178861094
2014-03-17,0.029976296952236747
2014-03-18,0.0
2014-03-19,0.00021802693451938315
2014-03-20,-0.00021797940913702066
2014-03-21,0.00021802693451938315
2014-03-24,0.0
2014-03-25,0.0
2014-03-26,-0.00021797940913702066
2014-03-27,-0.015752840028807315
2014-03-28,0.013740347630452864
2014-03-31,0.03092285686498989
2014-04-01,0.0
2014-04-02,0.0
2014-04-03,0.00021802693451938315
2014-04-04,-0.00021797940913702066
2014-04-07,-0.030580038212649676
2014-04-08,0.026046594975513197
2014-04-09,0.038668056006391296
2014-04-10,-0.08254151416872023
2014-04-11,-0.036673237202918325
2014-04-14,0.023308277118189467
2014-04-15,0.016898507403091418
2014-04-16,0.021156600793179277
2014-04-17,0.02078083038420873
2014-04-21,0.0201203210769723
2014-04-22,0.021727625554442874
2014-04-23,-0.012285019409744184
2014-04-24,0.016955020859904357
2014-04-25,-0.05657836218647537
2014-04-28,0.0007239444061127821
2014-04-29,0.017788998815498586
2014-04-30,0.013192392570768333
2014-05-01,-0.0005584642549692482
2014-05-02,-0.0009774406551585704
2014-05-05,0.00812653058438556
2014-05-06,-0.025265039111416296
2014-05-07,0.0032888890313562532
2014-05-08,0.004527203948420862
2014-05-09,0.0025333233649128817
2014-05-12,0.04369700775326697
2014-05-13,-0.005694340802719128
2014-05-14,-0.017948218630733256
2014-05-15,-0.028605115469458663
2014-05-16,0.02009656375731085
2014-05-19,0.021107522291596292
2014-05-20,-0.014718598598650188
2014-05-21,0.022508240156609405
2014-05-22,0.01161084091301847
2014-05-23,0.02065169954444064
2014-05-27,0.031068952060312648
2014-05-28,-0.0029817173530130962
2014-05-29,0.014219967208941687
2014-05-30,0.0019215403093738063
2014-06-02,0.006249481128526257
2014-06-03,0.0
2014-06-04,0.0
2014-06-05,0.0
2014-06-06,0.0
2014-06-09,0.02398946252536129
2014-06-10,-0.01668806161745828
2014-06-11,0.043160733067729086
2014-06-12,0.0002187009684433815
2014-06-13,-0.00021865314878798838
2014-06-16,0.0002187009684433815
2014-06-17,-0.00021865314878798838
2014-06-18,0.0002187009684433815
2014-06-19,0.0
2014-06-20,0.0
2014-06-23,0.0
2014-06-24,0.0
2014-06-25,-0.00021865314878798838
2014-06-26,0.0
2014-06-27,0.0002187009684433815
2014-06-30,-0.00021865314878798838
2014-07-01,-0.024496220083203915
2014-07-02,-0.011062820739620494
2014-07-03,-0.01324067815402773
2014-07-07,0.019818908377509412
2014-07-08,0.0171656946501415
2014-07-09,-0.00021865314878798838
2014-07-10,0.0
2014-07-11,0.0
2014-07-14,0.0
2014-07-15,0.0
2014-07-16,0.0
2014-07-17,0.0
2014-07-18,0.03868402159547524
2014-07-21,-0.00022362365893071408
2014-07-22,0.01746376079230573
2014-07-23,-0.014608119390337564
2014-07-24,0.0
2014-07-25,0.0
2014-07-28,-0.000535395227469902
2014-07-29,-0.007337273844852936
2014-07-30,0.013894350211607401
2014-07-31,-0.0002188053603137602
2014-08-01,-0.0017981775978361063
2014-08-04,0.018113423738198357
2014-08-05,-0.027599802566819927
2014-08-06,0.002920938361292129
2014-08-07,-0.02186133802505201
2014-08-08,0.02972807848359203
2014-08-11,0.019061819114061837
2014-08-12,-0.00316377949295948
2014-08-13,0.027335403500751716
2014-08-14,0.011112518654352116
2014-08-15,0.014702439054379752
2014-08-18,0.020255275804311405
2014-08-19,0.0178987372250536
2014-08-20,-0.0002188053603137602
2014-08-21,0.00021885324657723338
2014-08-22,0.0
2014-08-25,0.0
2014-08-26,0.0
2014-08-27,-0.0002188053603137602
2014-08-28,0.00021885324657723338
2014-08-29,0.01022730647422539
2014-09-02,-0.0002188053603137602
2014-09-03,-0.01171423319365959
2014-09-04,-0.0002188053603137602
2014-09-05,0.00021885324657723338
2014-09-08,-0.0002188053603137602
2014-09-09,0.0
2014-09-10,0.00021885324657723338
2014-09-11,-0.0002188053603137602
2014-09-12,0.0
2014-09-15,0.0
2014-09-16,0.0
2014-09-17,0.0
2014-09-18,0.00021885324657723338
2014-09-19,0.0
2014-09-22,0.0
2014-09-23,0.0
2014-09-24,0.0
2014-09-25,0.0
2014-09-26,0.030099507360761845
2014-09-29,-0.001739759164438622
2014-09-30,-0.009924934657437713
2014-10-01,-0.05360364453800152
2014-10-02,-0.005646772506482446
2014-10-03,0.026022129728023393
2014-10-06,-0.011398701506789814
2014-10-07,-0.048110455164680134
2014-10-08,0.058666599798410796
2014-10-09,-0.06330602877298604
2014-10-10,-0.10507197367683799
2014-10-13,-0.05391066319717983
2014-10-14,0.02172327932132562
2014-10-15,-0.011686708383818727
2014-10-16,0.009313056655411728
2014-10-17,0.03378507712054189
2014-10-20,0.03950022181989106
2014-10-21,0.08171183861551418
2014-10-22,-0.025882766616990113
2014-10-23,0.04123054426482439
2014-10-24,0.025508671691149346
2014-10-27,0.003573880771505551
2014-10-28,0.040615782898706924
2014-10-29,0.00021827439158885375
2014-10-30,-0.00021822675827596266
2014-10-31,0.00021827439158885375
2014-11-03,-0.00021822675827596266
2014-11-04,0.00021827439158885375
2014-11-05,-0.00021822675827596266
2014-11-06,0.00021827439158885375
2014-11-07,-0.00021822675827596266
2014-11-10,0.00021827439158885375
2014-11-11,0.0
2014-11-12,0.0
2014-11-13,-0.00021822675827596266
2014-11-14,0.0
2014-11-17,0.00021827439158885375
2014-11-18,-0.00021822675827596266
2014-11-19,0.0
2014-11-20,0.0
2014-11-21,0.0
2014-11-24,-0.02283316743996716
2014-11-25,-0.003718377906780459
2014-11-26,-0.019339898593923197
2014-11-28,0.054025975822162314
2014-12-01,0.04252271053827786
2014-12-02,0.0
2014-12-03,0.0
2014-12-04,0.0
2014-12-05,0.00021827439158885375
2014-12-08,0.0
2014-12-09,-0.00021822675827596266
2014-12-10,0.0
2014-12-11,0.014670238029953101
2014-12-12,-0.043683804779184585
2014-12-15,-0.026271174914110677
2014-12-16,-0.030139254235869266
2014-12-17,0.058887829028160796
2014-12-18,0.06719957848276045
2014-12-19,-0.0002185877041126655
2014-12-22,0.0
2014-12-23,0.0
2014-12-24,0.0002186354951435865
2014-12-26,-0.0002185877041126655
2014-12-29,0.0
2014-12-30,0.0
2014-12-31,0.0002186354951435865
2015-01-02,-0.003012568448530109
2015-01-05,-0.05169040498403831
2015-01-06,-0.045069941099064814
2015-01-07,0.03528221738170903
2015-01-08,0.06667273825210843
2015-01-09,-0.014383181882019166
2015-01-12,-0.03804317516680794
2015-01-13,-0.01319601567813719
2015-01-14,-0.01638870604296793
2015-01-15,-0.03032111116524793
2015-01-16,0.03573273258587788
2015-01-20,0.02020024042417159
2015-01-21,0.021222956762392952
2015-01-22,0.039489931488667085
2015-01-23,-0.006265108899698963
2015-01-26,0.00536681172831015
2015-01-27,-0.05828333328992956
2015-01-28,-0.023719826162584175
2015-01-29,0.019949278195826023
2015-01-30,-0.040563119433768446
2015-02-02,0.02366851998222185
2015-02-03,0.04143883599901427
2015-02-04,-0.0004897982898731831
2015-02-05,0.02828178372784884
2015-02-06,-0.01435884593772554
2015-02-09,-0.00021894887616863702
2015-02-10,0.00021899682527741601
2015-02-11,-0.00021894887616863702
2015-02-12,0.0
2015-02-13,0.00021899682527741601
2015-02-17,0.0
2015-02-18,0.0
2015-02-19,0.0
2015-02-20,-0.00021894887616863702
2015-02-23,0.00021899682527741601
2015-02-24,-0.00021894887616863702
2015-02-25,0.00021899682527741601
2015-02-26,-0.00021894887616863702
2015-02-27,0.00021899682527741601
2015-03-02,-0.00021894887616863702
2015-03-03,0.00021899682527741601
2015-03-04,0.0
2015-03-05,0.0
2015-03-06,-0.00021894887616863702
2015-03-09,0.00021899682527741601
2015-03-10,0.0
2015-03-11,-0.005529695134579954
2015-03-12,0.018899088970711075
2015-03-13,-0.003815419340236963
2015-03-16,0.04103093268072171
2015-03-17,0.0
2015-03-18,0.028873514635811427
2015-03-19,-0.0008011494062822365
2015-03-20,0.030413598197544064
2015-03-23,-0.013925492245472881
2015-03-24,-0.017757119738143888
2015-03-25,-0.08322648971278254
2015-03-26,-0.018892311207386506
2015-03-27,0.032540835319448666
2015-03-30,0.03817437739357586
2015-03-31,-0.03067758065184627
2015-04-01,-0.015130297894089494
2015-04-02,-8.422277048034891e-05
2015-04-06,0.019827195384331888
2015-04-07,-0.0033905110595256324
2015-04-08,0.01730977065777448
2015-04-09,0.023769298420318073
2015-04-10,0.012800108972405688
2015-04-13,-0.0002188923420592493
2015-04-14,-0.010721965481258994
2015-04-15,0.027407354982799607
2015-04-16,-0.00588637087538472
2015-04-17,-0.0412809468069743
2015-04-20,0.03196248229025092
2015-04-21,0.010466202469524209
2015-04-22,0.024279911385271018
2015-04-23,0.0
2015-04-24,0.0
2015-04-27,0.00021894026640693418
2015-04-28,0.0
2015-04-29,0.0
2015-04-30,0.0
2015-05-01,-0.0002188923420592493
2015-05-04,0.00021894026640693418
2015-05-05,0.0
2015-05-06,0.0
2015-05-07,-0.0002188923420592493
2015-05-08,0.00021894026640693418
2015-05-11,-0.0002188923420592493
2015-05-12,0.00021894026640693418
2015-05-13,0.0
2015-05-14,-0.0002188923420592493
2015-05-15,0.0
2015-05-18,0.0
2015-05-19,0.0
2015-05-20,0.0
2015-05-21,0.00021894026640693418
2015-05-22,0.0
2015-05-26,0.0
2015-05-27,0.0
2015-05-28,-0.0002188923420592493
2015-05-29,0.0
2015-06-01,0.0
2015-06-02,0.00021894026640693418
2015-06-03,0.0
2015-06-04,-0.0002188923420592493
2015-06-05,0.0
2015-06-08,-0.00021852224203193287
2015-06-09,0.0
2015-06-10,0.0002185700044393439
2015-06-11,0.00021894026640693418
2015-06-12,-0.0002188923420592493
2015-06-15,0.00021894026640693418
2015-06-16,-0.0004373667512458318
2015-06-17,0.0004375581246212786
2015-06-18,-0.0004373667512458318
2015-06-19,0.0
2015-06-22,0.0002185700044393439
2015-06-23,-0.00021852224203193287
2015-06-24,0.0
2015-06-25,0.0002185700044393439
2015-06-26,-0.00021852224203193287
2015-06-29,0.0002185700044393439
2015-06-30,0.003968129651790851
2015-07-01,0.002437562945559502
2015-07-02,0.004103347322027521
2015-07-06,-0.0188668723649567
2015-07-07,-0.0045976805765425895
2015-07-08,-0.057634233240534585
2015-07-09,-0.015910403576273654
2015-07-10,0.018893601257820487
2015-07-13,0.007998682333460839
2015-07-14,0.0002185700044393439
2015-07-15,-0.00021852224203193287
2015-07-16,0.0
2015-07-17,0.0002185700044393439
2015-07-20,-0.00021852224203193287
2015-07-21,0.0002185700044393439
2015-07-22,-0.00021852224203193287
2015-07-23,0.014608506458122186
2015-07-24,-0.040026269666351415
2015-07-27,-0.022279319170430613
2015-07-28,0.020793166189258347
2015-07-29,0.012451632082810481
2015-07-30,0.0
2015-07-31,0.0
2015-08-03,-0.009708880132053324
2015-08-04,-0.015430421534370738
2015-08-05,0.023666963944752747
2015-08-06,-0.04109687609553332
2015-08-07,0.0018118509436748957
2015-08-10,0.048528473429101604
2015-08-11,-0.044189111499420494
2015-08-12,0.009762215233230322
2015-08-13,-0.013105875469701248
2015-08-14,-0.00032587257782219943
2015-08-17,0.023454803866859164
2015-08-18,-0.028721551890831375
2015-08-19,-0.02349523919013624
2015-08-20,-0.0854582624822571
2015-08-21,-0.0964491465503938
2015-08-24,-0.10524863337445674
2015-08-25,-0.02763953303222826
2015-08-26,0.13650375070931703
2015-08-27,-0.00021852224203193287
2015-08-28,0.0002185700044393439
2015-08-31,0.0
2015-09-01,0.0
2015-09-02,-0.00021852224203193287
2015-09-03,0.0002185700044393439
2015-09-04,-0.00021852224203193287
2015-09-08,0.0
2015-09-09,0.0
2015-09-10,-0.000218883591246287
2015-09-11,0.0002189315117618184
2015-09-14,0.0
2015-09-15,-0.000218883591246287
2015-09-16,0.0
2015-09-17,0.0
2015-09-18,0.0
2015-09-21,0.0002189315117618184
2015-09-22,0.0
2015-09-23,-0.000218883591246287
2015-09-24,0.0
2015-09-25,0.0
2015-09-28,0.0002189315117618184
2015-09-29,-0.004014890525149069
2015-09-30,0.021882968504432446
2015-10-01,0.0002189315117618184
2015-10-02,0.0
2015-10-05,-0.000218883591246287
2015-10-06,0.0
2015-10-07,0.0
2015-10-08,0.0
2015-10-09,0.0
2015-10-12,0.0
2015-10-13,0.0
2015-10-14,0.0
2015-10-15,0.0
2015-10-16,0.009744860664544802
2015-10-19,0.0066131738117311155
2015-10-20,-0.008476828286886708
2015-10-21,0.0002186656605187908
2015-10-22,0.07010047649771309
2015-10-23,0.051891594897396545
2015-10-26,-0.0002186178563008416
2015-10-27,0.0
2015-10-28,0.0
2015-10-29,0.01293103448275862
2015-10-30,0.0
2015-11-02,0.0
2015-11-03,0.0002186656605187908
2015-11-04,-0.0002186178563008416
2015-11-05,0.0
2015-11-06,0.0
2015-11-09,0.0002186656605187908
2015-11-10,-0.0002186178563008416
2015-11-11,0.0002186656605187908
2015-11-12,0.0
2015-11-13,-0.0002186178563008416
2015-11-16,0.0002186656605187908
2015-11-17,-0.0002186178563008416
2015-11-18,0.0
2015-11-19,0.0002186656605187908
2015-11-20,-0.0002186178563008416
2015-11-23,0.0002186656605187908
2015-11-24,-0.0002186178563008416
2015-11-25,0.0
2015-11-27,0.0002186656605187908
2015-11-30,0.0
2015-12-01,-0.0002186178563008416
2015-12-02,0.0
2015-12-03,0.0002186656605187908
2015-12-04,0.0
2015-12-07,0.0
2015-12-08,-0.0002186178563008416
2015-12-09,-0.0002186656605187908
2015-12-10,0.012748077148475239
2015-12-11,-0.06176012566188004
2015-12-14,0.0
2015-12-15,-0.0002186178563008416
2015-12-16,0.0002186656605187908
2015-12-17,-0.0002186178563008416
2015-12-18,0.0002186656605187908
2015-12-21,-0.0002186178563008416
2015-12-22,0.0
2015-12-23,0.0
2015-12-24,0.0002186656605187908
2015-12-28,-0.0002186178563008416
2015-12-29,0.0
2015-12-30,0.0002186656605187908
2015-12-31,-0.0002186178563008416
2016-01-04,0.0002186656605187908
2016-01-05,0.0
2016-01-06,-0.0004372357126016832
2016-01-07,-0.03396347446753155
2016-01-08,-0.03528982322747391
2016-01-11,0.008190016757222054
2016-01-12,0.02808895681091737
2016-01-13,-0.03181521260106008
2016-01-14,0.057628591575303076
2016-01-15,-0.045020503725760365
2016-01-19,0.0039935042821853135
2016-01-20,-0.00847350448399618
2016-01-21,0.019072796371032694
2016-01-22,0.04910805198517337
2016-01-25,0.00021871348564759431
2016-01-26,-0.0002186656605187908
2016-01-27,0.00021871348564759431
2016-01-28,0.0
2016-01-29,0.0002186656605187908
2016-02-01,-0.0004372357126016832
2016-02-02,0.0
2016-02-03,0.00021871348564759431
2016-02-04,0.0002186656605187908
2016-02-05,0.0
2016-02-08,-0.0002186178563008416
2016-02-09,-0.003720376479318416
2016-02-10,0.003812867486097982
2016-02-11,-0.0006457324740851713
2016-02-12,0.014046166484515551
2016-02-16,0.0
2016-02-17,0.0
2016-02-18,0.0002186656605187908
2016-02-19,0.0
2016-02-22,0.0
2016-02-23,-0.0002186178563008416
2016-02-24,0.0002186656605187908
2016-02-25,-0.0002186178563008416
2016-02-26,0.0
2016-02-29,0.0002186656605187908
2016-03-01,0.0
2016-03-02,0.010298991722780164
2016-03-03,0.0002186656605187908
2016-03-04,0.0
2016-03-07,0.0
2016-03-08,-0.0002186178563008416
2016-03-09,0.019786986859674772
2016-03-10,0.0
2016-03-11,-0.0002186178563008416
2016-03-14,0.0
2016-03-15,0.0
2016-03-16,0.0002186656605187908
2016-03-17,-0.0002186178563008416
2016-03-18,0.01907656756103893
2016-03-21,0.0072342614491006495
2016-03-22,0.0
2016-03-23,-0.0002186178563008416
2016-03-24,-0.0013713738457473287
2016-03-28,0.0
2016-03-29,0.0
2016-03-30,0.019335424193074473
2016-03-31,-0.010400638700731463
2016-04-01,0.024076893584712197
2016-04-04,-0.016321537110020184
2016-04-05,-0.024781980971737592
2016-04-06,0.036724561259396826
2016-04-07,-0.04187331620139381
2016-04-08,0.007102665961921776
2016-04-11,-0.006708473655890371
2016-04-12,0.016350515920378565
2016-04-13,0.04546858642036793
2016-04-14,-0.007634432744504288
2016-04-15,-0.0127967751279939
2016-04-18,0.012460325441501222
2016-04-19,-0.015364457843000147
2016-04-20,0.011436374881691705
2016-04-21,-0.000218883591246287
2016-04-22,0.0002189315117618184
2016-04-25,-0.000218883591246287
2016-04-26,0.0002189315117618184
2016-04-27,0.0
2016-04-28,0.0
2016-04-29,-0.03628753635282252
2016-05-02,0.02348648782526226
2016-05-03,0.0002185700044393439
2016-05-04,-0.024144500261920193
2016-05-05,0.002018807965697658
2016-05-06,0.009873618451813403
2016-05-09,0.002439765165231475
2016-05-10,0.03813878753207505
2016-05-11,-0.02062464457591294
2016-05-12,-0.022624387499911275
2016-05-13,-0.008829279371036471
2016-05-16,0.0379997936612227
2016-05-17,-0.02799022176454257
2016-05-18,0.019940087837386197
2016-05-19,-0.000218883591246287
2016-05-20,0.04788101403251521
2016-05-23,0.0002185700044393439
2016-05-24,0.05742429811377957
2016-05-25,0.0002189315117618184
2016-05-26,0.0
2016-05-27,0.0002185700044393439
2016-05-31,0.0
2016-06-01,0.0
2016-06-02,-0.00021852224203193287
2016-06-03,0.0002185700044393439
2016-06-06,0.005870031283363178
2016-06-07,0.008869217495975608
2016-06-08,0.003775834939823141
2016-06-09,-0.0013342052201403532
2016-06-10,-0.03724599624438226
2016-06-13,-0.021031959673436962
2016-06-14,-0.002872862853241297
2016-06-15,-0.004310963139955358
2016-06-16,0.005486038382590829
2016-06-17,-0.02380661219132587
2016-06-20,0.023377441346806443
2016-06-21,0.009791793816780872
2016-06-22,-0.0056492268746519865
2016-06-23,0.053284581105179904
2016-06-24,-0.00021852224203193287
2016-06-27,0.0
2016-06-28,0.06489293203430632
2016-06-29,0.0
2016-06-30,0.04343808267337541
2016-07-01,-0.004297080642031463
2016-07-05,-0.029054145211960675
2016-07-06,0.014841904626397241
2016-07-07,0.014494344144235918
2016-07-08,0.05861895298214492
2016-07-11,0.020104957149163716
2016-07-12,0.025834998314802245
2016-07-13,-0.0013339469210427383
2016-07-14,0.019361038354942562
2016-07-15,-0.0002188923420592493
2016-07-18,0.0
2016-07-19,0.00021894026640693418
2016-07-20,0.0
2016-07-21,0.0
2016-07-22,0.0
2016-07-25,-0.0002188923420592493
2016-07-26,0.0
2016-07-27,0.00021894026640693418
2016-07-28,-0.0002188923420592493
2016-07-29,0.00021894026640693418
2016-08-01,0.0056318928925173555
2016-08-02,0.038586752163494095
2016-08-03,-0.0002188923420592493
2016-08-04,0.0
2016-08-05,0.0
2016-08-08,0.0
2016-08-09,0.0
2016-08-10,0.0
2016-08-11,0.0
2016-08-12,0.0
2016-08-15,0.0
2016-08-16,0.0
2016-08-17,0.0
2016-08-18,0.00021894026640693418
2016-08-19,-0.0002188923420592493
2016-08-22,0.0
2016-08-23,0.0
2016-08-24,0.00021894026640693418
2016-08-25,-0.0002188923420592493
2016-08-26,0.0
2016-08-29,0.00021894026640693418
2016-08-30,0.0
2016-08-31,0.0
2016-09-01,0.0
2016-09-02,0.0064132346779419095
2016-09-06,0.0
2016-09-07,-0.00021894887616863702
2016-09-08,0.0
2016-09-09,0.00021899682527741601
2016-09-12,0.05155597784142141
2016-09-13,0.00021894026640693418
2016-09-14,0.0
2016-09-15,0.04854352548313384
2016-09-16,0.0
2016-09-19,0.0
2016-09-20,0.0
2016-09-21,0.0
2016-09-22,0.00021899682527741601
2016-09-23,0.0
2016-09-26,-0.026490502067838893
2016-09-27,0.033427418127427555
2016-09-28,0.008996542619338896
2016-09-29,-0.004197383643302352
2016-09-30,0.030311184630746515
2016-10-03,-0.010825011894274704
2016-10-04,-0.008832862990203656
2016-10-05,0.0
2016-10-06,0.0
2016-10-07,0.0
2016-10-10,0.0
2016-10-11,-0.00021894887616863702
2016-10-12,0.00021899682527741601
2016-10-13,-0.00021894887616863702
2016-10-14,0.0
2016-10-17,0.0
2016-10-18,0.02649796303837401
2016-10-19,-0.002063276746703129
2016-10-20,0.003972814660719772
2016-10-21,0.0013664261304977814
2016-10-24,0.03461262295241573
2016-10-25,0.0
2016-10-26,0.00021899682527741601
2016-10-27,-0.00021894887616863702
2016-10-28,0.00021899682527741601
2016-10-31,0.0002186354951435865
2016-11-01,-0.0002185877041126655
2016-11-02,0.0002186354951435865
2016-11-03,-0.014123253213973959
2016-11-04,-0.005124856582567132
2016-11-07,0.045599992511662246
2016-11-08,0.0002186354951435865
2016-11-09,-0.00043748872074914275
2016-11-10,0.0
2016-11-11,-0.0004373667512458318
2016-11-14,0.0004375581246212786
2016-11-15,0.00021899682527741601
2016-11-16,0.0
2016-11-17,0.0002186354951435865
2016-11-18,-0.0002185877041126655
2016-11-21,-0.00021894887616863702
2016-11-22,0.0
2016-11-23,0.0
2016-11-25,0.00021899682527741601
2016-11-28,-0.00021894887616863702
2016-11-29,0.0
2016-11-30,0.0
2016-12-01,0.0004597261599335069
2016-12-02,-0.00021941836900404843
2016-12-05,0.0
2016-12-06,0.00021946652399079347
2016-12-07,0.0
2016-12-08,0.0
2016-12-09,0.0
2016-12-12,0.0059077962859574945
2016-12-13,0.00021946652399079347
2016-12-14,-0.003181336161187699
2016-12-15,0.0
2016-12-16,-0.00021941836900404843
2016-12-19,0.00021946652399079347
2016-12-20,-0.00021941836900404843
2016-12-21,0.00021946652399079347
2016-12-22,-0.00021941836900404843
2016-12-23,0.0
2016-12-27,0.00021946652399079347
2016-12-28,-2.2140263792888275e-05
2016-12-29,0.00021879660197911187
2016-12-30,-0.00043728865164946993
2017-01-03,0.0004374799566698457
2017-01-04,0.0
2017-01-05,-0.0002187487404980037
2017-01-06,0.00021879660197911187
2017-01-09,0.0
2017-01-10,-0.0002187487404980037
2017-01-11,0.00021879660197911187
2017-01-12,0.0
2017-01-13,0.0
2017-01-17,0.0
2017-01-18,-0.0002187487404980037
2017-01-19,0.0
2017-01-20,0.00021879660197911187
2017-01-23,-0.0002187487404980037
2017-01-24,0.0
2017-01-25,0.00021879660197911187
2017-01-26,0.00654096184729518
2017-01-27,-0.012099129967749683
2017-01-30,0.028964127880746926
2017-01-31,-0.0002188052689477951
2017-02-01,6.578124415930421e-05
2017-02-02,0.0
2017-02-03,-0.00021862994407500323
2017-02-06,0.00043745993779693544
2017-02-07,0.0
2017-02-08,0.0
2017-02-09,0.0
2017-02-10,-0.00021868651762649866
2017-02-13,-0.0314924691921497
2017-02-14,-0.04324182619960788
2017-02-15,0.05653333333333333
2017-02-16,0.01514386673397274
2017-02-17,0.0069617105917454
2017-02-21,0.021728395061728394
2017-02-22,0.008699855002416627
2017-02-23,0.05270723526593196
2017-02-24,-0.012061902594446974
2017-02-27,-0.011194029850746268
2017-02-28,0.05188679245283019
2017-03-01,-0.0003935496677213506
2017-03-02,0.004217432052483599
2017-03-03,0.00021851597687969415
2017-03-06,0.00021919890108284258
2017-03-07,-0.00043757122403062265
2017-03-08,0.0
2017-03-09,0.0
2017-03-10,0.00021851597687969415
2017-03-13,-0.0002184682380792331
2017-03-14,0.0
2017-03-15,0.00021851597687969415
2017-03-16,0.00021919890108284258
2017-03-17,0.0
2017-03-20,-0.00021915086345440201
2017-03-21,0.00021919890108284258
2017-03-22,0.019016537066107012
2017-03-23,-0.006182976681894991
2017-03-24,0.00831628765198607
2017-03-27,0.0020783903836117212
2017-03-28,0.01663926826809355
2017-03-29,0.0
2017-03-30,0.010000644234868801
2017-03-31,-0.00021915086345440201
2017-04-03,8.757518000404996e-05
2017-04-04,-0.003063258550284405
2017-04-05,-0.014524204106611392
2017-04-06,0.004354606917458811
2017-04-07,0.0031489952073723336
2017-04-10,-0.006948287158473149
2017-04-11,-0.013287044432135239
2017-04-12,-0.02618377991077029
2017-04-13,-0.01684532781254677
2017-04-17,0.029330329750061748
2017-04-18,7.078753848205972e-05
2017-04-19,0.0048316710930217865
2017-04-20,0.031854137470306305
2017-04-21,-0.008066409884484135
2017-04-24,0.03711944049728247
2017-04-25,0.023675337115001544
2017-04-26,0.00021934051132634956
2017-04-27,-0.00021929241161665558
2017-04-28,0.0004380549317545269
2017-05-01,-6.581506217854532e-05
2017-05-02,0.0025624392037927567
2017-05-03,0.019741837509491267
2017-05-04,0.00021868085365660261
2017-05-05,-0.0002186330427961664
2017-05-08,-0.024985716607392232
2017-05-09,-0.0024019215372297837
2017-05-10,0.003327598212678601
2017-05-11,-0.002797761790567546
2017-05-12,-0.0013153410677874309
2017-05-15,-0.022049971455464612
2017-05-16,-0.0096964586846543
2017-05-17,0.18153653136087275
2017-05-18,0.030896685678572847
2017-05-19,0.02127412936516298
2017-05-22,0.024524164118635786
2017-05-23,-0.0009010997303318041
2017-05-24,-0.00021832888734114723
2017-05-25,0.019054553563285375
2017-05-26,0.00021853741540928587
2017-05-30,-0.00043677085197731585
2017-05-31,-0.0010041337128240074
2017-06-01,0.01252485475555302
2017-06-02,-0.000218816601456053
2017-06-05,0.004263337195831012
2017-06-06,0.023520081302296547
2017-06-07,0.013390275452685013
2017-06-08,-0.0002181435163379905
2017-06-09,0.00021819111331468265
2017-06-12,-0.0002181435163379905
2017-06-13,0.00021819111331468265
2017-06-14,-0.0002181435163379905
2017-06-15,-0.014520863247309427
2017-06-16,-0.00803488036818032
2017-06-19,0.04328037393057379
2017-06-20,0.0
2017-06-21,0.020528204159155225
2017-06-22,-0.0036420237824136407
2017-06-23,0.008357379813121001
2017-06-26,-0.012599767507299041
2017-06-27,-0.052692487676935976
2017-06-28,0.039225068639554314
2017-06-29,-0.00021867312191667252
2017-06-30,-0.004479056562249873
2017-07-03,0.00010928447112462575
2017-07-05,-0.00021864922695154332
2017-07-06,0.0002186970448913454
2017-07-07,0.0
2017-07-10,0.0
2017-07-11,0.0
2017-07-12,-0.00021864922695154332
2017-07-13,0.0
2017-07-14,0.0004369773255237268
2017-07-17,-0.00021818493876137193
2017-07-18,0.0
2017-07-19,0.0
2017-07-20,0.0
2017-07-21,0.0
2017-07-24,0.0
2017-07-25,0.0
2017-07-26,0.00021823255381776238
2017-07-27,0.0002193305398718135
2017-07-28,-0.00021928244453486923
2017-07-31,0.0
2017-08-01,0.0002628633820685932
2017-08-02,0.00021906466468217404
2017-08-03,0.0
2017-08-04,0.0
2017-08-07,0.0
2017-08-08,0.0
2017-08-09,0.0
2017-08-10,0.0
2017-08-11,0.01416033504274464
2017-08-14,0.04847344745853404
2017-08-15,0.003055789068589666
2017-08-16,-0.00021865657856051952
2017-08-17,-0.06259791345270402
2017-08-18,0.00023338545952856582
2017-08-21,-0.006763555268727683
2017-08-22,0.04041748689011105
2017-08-23,-0.00261339718781994
2017-08-24,-0.005647737651024073
2017-08-25,-0.0051947451249767275
2017-08-28,0.005985015587558788
2017-08-29,0.00712333336369682
2017-08-30,0.033624460866053384
2017-08-31,0.024837252014135433
2017-09-01,0.005877269746580456
2017-09-05,-0.030240667898244557
2017-09-06,0.007859118234898635
2017-09-07,0.003685311544136866
2017-09-08,-0.022107885007313678
2017-09-11,0.040562396627146134
2017-09-12,0.0004381253768960289
2017-09-13,0.0
2017-09-14,-0.00021891475480247493
2017-09-15,0.0
2017-09-18,0.0
2017-09-19,0.0004371972359731253
2017-09-20,0.0
2017-09-21,0.0
2017-09-22,0.0
2017-09-25,0.0
2017-09-26,0.0
2017-09-27,0.0
2017-09-28,-0.00021813917716197187
2017-09-29,0.0004366855370145331
2017-10-02,4.417964837989591e-05
2017-10-03,0.0
2017-10-04,0.003460098629323498
2017-10-05,-0.03381451792947168
2017-10-06,0.00016208281247562695
2017-10-09,0.02062975027144408
2017-10-10,0.0
2017-10-11,0.0
2017-10-12,-0.005194091991372378
2017-10-13,0.0
2017-10-16,-0.00021886556759293083
2017-10-17,0.00021891348021603206
2017-10-18,0.0
2017-10-19,0.0
2017-10-20,0.00021824201896730996
2017-10-23,0.03200099454322878
2017-10-24,0.0004366918874764935
2017-10-25,0.0
2017-10-26,0.0
2017-10-27,0.0
2017-10-30,-0.00021835451486394863
2017-10-31,0.00021840220397124197
2017-11-01,0.00010990441328546986
2017-11-02,-0.0002189537273288632
2017-11-03,0.0
2017-11-06,0.00021900167856267577
2017-11-07,0.0
2017-11-08,0.0
2017-11-09,0.012916575240543984
2017-11-10,0.00021900167856267577
2017-11-13,0.0
2017-11-14,0.0
2017-11-15,0.0
2017-11-16,0.00021833051937631426
2017-11-17,-0.00021828286156577766
2017-11-20,0.00021833051937631426
2017-11-21,0.00021890593348271136
2017-11-22,0.0
2017-11-24,-0.00021885802416263185
2017-11-27,0.0
2017-11-28,0.0004369811044095111
2017-11-29,-0.00021797991782157098
2017-11-30,0.0
2017-12-01,0.027542153530699425
2017-12-04,0.00010952563668135037
2017-12-05,0.0005062629168356293
2017-12-06,0.003291427141974203
2017-12-07,0.00010868320692898523
2017-12-08,0.00010960553424913463
2017-12-11,-0.00010959352219258447
2017-12-12,0.00010960553424913463
2017-12-13,-0.00010959352219258447
2017-12-14,0.00010960553424913463
2017-12-15,0.00010959352219258447
2017-12-18,0.00010947774239669296
2017-12-19,2.1478115615970048e-05
2017-12-20,0.0
2017-12-21,0.0
2017-12-22,0.00021861554417735603
2017-12-26,-0.00010892081156170555
2017-12-27,0.00021879906185104007
2017-12-28,0.0
2017-12-29,-0.00021875119929385577
2018-01-02,0.00010893267659724612
2018-01-03,0.00021939763471714977
2018-01-04,0.00010879320848284188
2018-01-05,0.0
2018-01-08,-0.012181012087897904
2018-01-09,0.010832383124287344
2018-01-10,-0.010044642857142858
2018-01-11,-0.00010959896112212746
2018-01-12,0.00016431276148620868
2018-01-16,0.1245674740484429
2018-01-17,0.0002189905448343739
2018-01-18,0.009635974304068522
2018-01-19,-0.009544008483563097
2018-01-22,-0.044967880085653104
2018-01-23,0.03699551569506727
2018-01-24,0.04864864864864865
2018-01-25,0.018556701030927835
2018-01-26,-0.006848970495227131
2018-01-29,0.14213709677419356
2018-01-30,0.00010953908192777177
2018-01-31,0.00010900898091006126
2018-02-01,-4.330873335113343e-05
2018-02-02,0.0001087945921834712
2018-02-05,-0.00010878275720776419
2018-02-06,0.07838217301862373
2018-02-07,0.00010950797558914928
2018-02-08,-0.00010949598490550713
2018-02-09,0.06127550796053459
2018-02-12,0.0
2018-02-13,0.0
2018-02-14,0.0
2018-02-15,0.00010948397416675393
2018-02-16,0.00010885057726019265
2018-02-20,0.0
2018-02-21,-0.00010883873010159282
2018-02-22,0.00010885057726019265
2018-02-23,0.0002186094759699928
2018-02-26,-0.0002185616963120949
2018-02-27,0.0002186094759699928
2018-02-28,0.00010943615016669082
2018-03-01,9.865774737136112e-05
2018-03-02,0.00010899932819977207
2018-03-05,0.0
2018-03-06,0.0
2018-03-07,0.0
2018-03-08,-0.00010898744864108798
2018-03-09,0.00021830919579612467
2018-03-12,0.0001098034621518022
2018-03-13,0.0
2018-03-14,0.0
2018-03-15,-0.00010979140667523474
2018-03-16,0.0002189859810680617
2018-03-19,0.0
2018-03-20,-0.0001091586147099252
2018-03-21,0.00021803062569719094
2018-03-22,0.00010987093062437001
2018-03-23,-0.08225520217105683
2018-03-26,0.10723474959972051
2018-03-27,-0.08697262285363187
2018-03-28,-0.034936981496905106
2018-03-29,0.05382599209272787
2018-04-02,-0.09128556755512553
2018-04-03,0.04333579375486226
2018-04-04,0.039209971839091286
2018-04-05,0.0021020559899407234
2018-04-06,-0.07707501378202616
2018-04-09,0.016565633014353057
2018-04-10,0.0707537531360043
2018-04-11,-0.011200736398297325
2018-04-12,0.039075890287022595
2018-04-13,-0.015763232197082543
2018-04-16,0.01747456829145879
2018-04-17,0.0506682877590513
2018-04-18,-0.007398346668969609
2018-04-19,0.00021907643163347935
2018-04-20,0.0
2018-04-23,0.0
2018-04-24,0.00010879101669286054
2018-04-25,0.00010950231096362964
2018-04-26,0.00010938702876424369
2018-04-27,0.00010906522017541323
2018-04-30,-0.00010905332625037487
2018-05-01,7.653156074808827e-05
2018-05-02,0.00010905687388264468
2018-05-03,0.0
2018-05-04,0.00021881279960909026
2018-05-07,0.0
2018-05-08,0.00010964056477899064
2018-05-09,0.0
2018-05-10,0.0
2018-05-11,0.0
2018-05-14,0.0
2018-05-15,0.00021812157784999636
2018-05-16,0.00010970784378057152
2018-05-17,0.0
2018-05-18,0.00010917983652744552
2018-05-21,0.0
2018-05-22,0.0
2018-05-23,0.00010916791759204878
2018-05-24,0.0002186215185890194
2018-05-25,0.00010882269420441275
2018-05-29,0.0
2018-05-30,0.026588279885784143
2018-05-31,-0.014766037953583515
2018-06-01,0.04819600715934169
2018-06-04,0.0001094105442478515
2018-06-05,0.0
2018-06-06,-0.00010939857489023282
2018-06-07,0.0001094105442478515
2018-06-08,0.0002191064765709187
2018-06-11,0.00010896226483170227
2018-06-12,0.0
2018-06-13,-0.00010895039335008854
2018-06-14,0.00032791765792776245
2018-06-15,0.0
2018-06-18,-0.00010964791374748848
2018-06-19,0.00021828923694925642
2018-06-20,-0.00010860559178661454
2018-06-21,0.00010861738824234292
2018-06-22,0.00010973904672935908
2018-06-25,0.00021852674031666905
2018-06-26,0.009037917383261419
2018-06-27,-0.04628588752311215
2018-06-28,0.022844980060303034
2018-06-29,0.004490347496200645
2018-07-02,0.014577791296616304
2018-07-03,-0.034022835354933466
2018-07-05,0.047385518693785884
2018-07-06,0.03572610119557521
2018-07-09,0.024898631690914344
2018-07-10,0.01442516258125303
2018-07-11,0.0
2018-07-12,0.03197643208605923
2018-07-13,0.00010931397247696506
2018-07-16,-0.004295722831565897
2018-07-17,0.0
2018-07-18,0.00010908422557712244
2018-07-19,0.00010927812435109682
2018-07-20,0.00010906040958974355
2018-07-23,-0.00010904851671384558
2018-07-24,0.00021884102943149484
2018-07-25,-0.00010975660059429034
2018-07-26,0.00010976864842799361
2018-07-27,0.000217970231170854
2018-07-30,-0.0001093213131310015
2018-07-31,0.00021897509166046375
2018-08-01,5.398626342664079e-05
2018-08-02,0.00010961190496339363
2018-08-03,0.0
2018-08-06,0.00010929144903908347
2018-08-07,0.00010969071741018879
2018-08-08,-0.00010967868667636267
2018-08-09,0.00010969071741018879
2018-08-10,0.00021822666524265973
2018-08-13,-0.003508014801282617
2018-08-14,0.01140139657341129
2018-08-15,0.0002195391035527717
2018-08-16,0.008492893509019987
2018-08-17,-0.004425567425250059
2018-08-20,0.0007793841602717987
2018-08-21,0.025232948941617844
2018-08-22,0.007914932321094331
2018-08-23,-0.0020699328500666824
2018-08-24,0.02927005384150129
2018-08-27,0.03348039745004194
2018-08-28,0.0
2018-08-29,-0.00010936554122849851
2018-08-30,0.0004373046096712307
2018-08-31,-0.0001092270359909243
2018-09-04,8.737064063110555e-05
2018-09-05,-0.00010922942439481098
2018-09-06,0.00021838004308257343
2018-09-07,0.0002187429557788173
2018-09-10,0.0
2018-09-11,0.00010919362050639772
2018-09-12,0.0
2018-09-13,0.0
2018-09-14,0.00010948954169648042
2018-09-17,0.00021895511009830407
2018-09-18,0.0
2018-09-19,0.0
2018-09-20,0.0002182916951499032
2018-09-21,0.0
2018-09-24,0.00010871179395792157
2018-09-25,0.0
2018-09-26,0.0
2018-09-27,0.00021883561405027188
2018-09-28,0.0
2018-10-01,6.510319214791938e-05
2018-10-02,0.0001096943004379263
2018-10-03,0.0
2018-10-04,0.0002189545106628079
2018-10-05,0.0001088383839160235
2018-10-08,-0.011814009515379054
2018-10-09,0.002253505899316026
2018-10-10,-0.044041585554347035
2018-10-11,-0.04670577014066098
2018-10-12,0.06096850720110498
2018-10-15,-0.02737936833410303
2018-10-16,0.08236829740661902
2018-10-17,0.0
2018-10-18,0.0
2018-10-19,-0.018426914264045444
2018-10-22,0.007604566967355541
2018-10-23,0.0
2018-10-24,-0.030071152567444952
2018-10-25,0.07511771368268405
2018-10-26,-0.017706521188717073
2018-10-29,-0.015475482700196119
2018-10-30,0.05688846269697936
2018-10-31,0.00010921947484574157
2018-11-01,0.0002185174446007103
2018-11-02,0.0
2018-11-05,0.00010979765509865315
2018-11-06,0.0
2018-11-07,0.00010866011943404654
2018-11-08,0.00010967136749657815
2018-11-09,0.0002187049170450613
2018-11-12,-0.00010912400424346128
2018-11-13,0.00010913591359135913
2018-11-14,-0.00010912400424346128
2018-11-15,0.00032740774077407743
2018-11-16,0.00010981593969162171
2018-11-19,-0.00010980388147519572
2018-11-20,0.0002186093846002674
2018-11-21,0.00021876605924328003
2018-11-23,0.0
2018-11-26,0.00010895028647486443
2018-11-27,0.0
2018-11-28,0.00010934719215316374
2018-11-29,0.00010933523665203244
2018-11-30,0.0001087102560055009
2018-12-03,-3.238477939886698e-05
2018-12-04,-0.11669575457055306
2018-12-06,0.00021901468317748628
2018-12-07,0.00010897271311008124
2018-12-10,0.00010987990922448986
2018-12-11,-0.00010986783695653839
2018-12-12,0.00021884074857628417
2018-12-13,0.00010934538562472664
2018-12-14,0.00010902717441070965
2018-12-17,0.00010983188270526543
2018-12-18,-0.0016050348203654034
2018-12-19,-0.016486321190296943
2018-12-20,-0.014722636895359045
2018-12-21,-0.05267702295752966
2018-12-24,-0.05100509451568938
2018-12-26,0.16595117503754567
2018-12-27,0.00032853518912862777
2018-12-28,0.00010893178412209091
2018-12-31,0.00010912388916725113
2019-01-02,-0.00010911198244337216
2019-01-03,0.00032767762233119424
2019-01-04,0.00010959790110333991
2019-01-07,0.0
2019-01-08,0.0
2019-01-09,0.0
2019-01-10,0.00010948395035626628
2019-01-11,0.0002184342838469427
2019-01-14,-0.00010893852300559449
2019-01-15,0.00021830845598745592
2019-01-16,0.0001094360913096433
2019-01-17,0.0002183388094635763
2019-01-18,0.0
2019-01-22,0.0001091965052228933
2019-01-23,0.0
2019-01-24,0.00032765559923391536
2019-01-25,-0.00010945427321191681
2019-01-28,0.00010946625476127293
2019-01-29,0.0
2019-01-30,0.00021819582092384905
2019-01-31,0.0237750213317584
2019-02-01,0.0076338897072027595
2019-02-04,0.024230116618035553
2019-02-05,0.017590211555919638
2019-02-06,0.022866332920537115
2019-02-07,-0.045575031014186584
2019-02-08,0.0013103695071224914
2019-02-11,0.004724742387005602
2019-02-12,0.04823663042928358
2019-02-13,0.006471959696299478
2019-02-14,0.0015788666758084857
2019-02-15,0.020129212724214886
2019-02-19,0.0015812998590376136
2019-02-20,0.01086206326090893
2019-02-21,-0.014767538474449081
2019-02-22,0.00021816967032895534
2019-02-25,-0.00010895940012158324
2019-02-26,0.00010897127356618149
2019-02-27,-0.013538659973593275
2019-02-28,0.00021830151260183084
2019-03-01,0.00010963497345492417
2019-03-04,-0.0001096229549451687
2019-03-05,0.00010963497345492417
2019-03-06,0.00010931816452363442
2019-03-07,0.00021891718784364537
2019-03-08,-0.0046785084028984035
2019-03-11,0.0591907307091931
2019-03-12,0.012829448120432385
2019-03-13,0.017895362460942817
2019-03-14,-0.007950862560604956
2019-03-15,0.00010924649766490687
2019-03-18,0.004069008800433808
2019-03-19,0.0
2019-03-20,0.0
2019-03-21,0.06092546630257345
2019-03-22,0.052503393329340294
2019-03-25,-0.015971043672878743
2019-03-26,0.022165935473287143
2019-03-27,-0.026111843151262033
2019-03-28,0.004270981892111949
2019-03-29,0.029294848778267043
2019-04-01,0.049026621989438496
2019-04-02,0.005079560377800541
2019-04-03,0.03009256306896346
2019-04-04,0.00032817142799192753
2019-04-05,0.0
2019-04-08,0.0
2019-04-09,0.00010928700267317226
2019-04-10,0.017335827648547186
2019-04-11,-0.003607453112588814
2019-04-12,0.0
2019-04-15,0.00010923927109235015
2019-04-16,0.0
2019-04-17,0.00021875865054182028
2019-04-18,0.00010950735568303162
2019-04-22,0.0
2019-04-23,0.0
2019-04-24,0.017182210288199433
2019-04-25,0.00021823410230389388
2019-04-26,-0.024825214135135203
2019-04-29,0.011959339794904206
2019-04-30,-0.00041662720763299205
2019-05-01,4.332881080434268e-05
2019-05-02,0.0001095321075860399
2019-05-03,0.00010881157115406262
2019-05-06,0.00010981182301896688
2019-05-07,0.00010969856776578425
2019-05-08,-0.012483199521603136
2019-05-09,-0.019710314263049776
2019-05-10,0.00547792015968694
2019-05-13,-0.1059739376413206
2019-05-14,0.042724368999693396
2019-05-15,0.02787528388252529
2019-05-16,0.002578082619868076
2019-05-17,-0.03613844729647356
2019-05-20,-0.06351607892920329
2019-05-21,0.039858750973304546
2019-05-22,-0.02808651426917683
2019-05-23,-0.044310026067233776
2019-05-24,-0.007907302783341967
2019-05-28,-0.021743715571941498
2019-05-29,-0.01066469859844787
2019-05-30,0.011660697291064049
2019-05-31,-0.014454715707893199
2019-06-03,-0.0213603233424918
2019-06-04,0.09083718129440269
2019-06-05,0.009328606938942309
2019-06-06,0.028042900715592886
2019-06-07,0.03915769270892924
2019-06-10,0.04260268497301423
2019-06-11,0.003559966222276728
2019-06-12,-0.03084016786758894
2019-06-13,0.01593898989826689
2019-06-14,-0.032279846501907516
2019-06-17,4.508434249027391e-05
2019-06-18,0.06754771989156172
2019-06-19,0.007531281573126671
2019-06-20,0.027645021836676244
2019-06-21,-0.00997660687535347
2019-06-24,0.0008243657356283718
2019-06-25,-0.041217633423485875
2019-06-26,0.03477430569260047
2019-06-27,0.0214331839115486
2019-06-28,0.008589268060721881
2019-07-01,0.048055770071981925
2019-07-02,-0.006875698187108066
2019-07-03,0.009664764810544478
2019-07-05,-0.008937057694861552
2019-07-08,0.0
2019-07-09,0.013620637512531827
2019-07-10,0.0001096699458786881
2019-07-11,0.00021840874263890977
2019-07-12,0.00010983550772370343
2019-07-15,0.0
2019-07-16,0.00010921891248391313
2019-07-17,0.0
2019-07-18,0.02017746701845272
2019-07-19,-0.01635397861030298
2019-07-22,0.029854352684476948
2019-07-23,0.026254472519140724
2019-07-24,0.000218567808748937
2019-07-25,0.0002184193468184035
2019-07-26,-0.00010933684285134377
2019-07-29,0.00021829483940125188
2019-07-30,0.0
2019-07-31,0.0001092242661085659
2019-08-01,-0.03323119495588505
2019-08-02,-0.03823462395357362
2019-08-05,-0.1083081723093188
2019-08-06,0.040557660201662786
2019-08-07,0.012501731398180643
2019-08-08,0.06828969063805343
2019-08-09,-0.035737300079611053
2019-08-12,-0.034936285198217204
2019-08-13,0.06687900467727292
2019-08-14,-0.09076367449881101
2019-08-15,0.00043653895421159005
2019-08-16,-0.00010868495328708643
2019-08-19,0.046695494537895496
2019-08-20,-0.019685815274581804
2019-08-21,0.0261285600066362
2019-08-22,-0.004313040468207376
2019-08-23,-0.09898641170794975
2019-08-26,0.00010867301105267857
2019-08-27,-0.009487122404302483
2019-08-28,-0.00010945337437014056
2019-08-29,0.05013463306035201
2019-08-30,0.0030644086971438294
2019-09-03,-0.03277960895939911
2019-09-04,0.05201761224196415
2019-09-05,0.06245094604286058
2019-09-06,0.0011772250435828709
2019-09-09,0.002684023817117422
2019-09-10,0.0020091086271427005
2019-09-11,-0.00010947248323765371
2019-09-12,0.00021866760414835648
2019-09-13,0.0
2019-09-16,0.0
2019-09-17,0.00010905884327129532
2019-09-18,0.0002186963708150597
2019-09-19,0.0
2019-09-20,0.0001092238869829923
2019-09-23,0.0002187250527715596
2019-09-24,0.0
2019-09-25,0.03378072526970458
2019-09-26,0.0002180750824580725
2019-09-27,-0.04194242261466853
2019-09-30,0.02451666793931191
2019-10-01,-0.029389767270639935
2019-10-02,-0.05001083640389488
2019-10-03,0.007767977471305343
2019-10-04,0.0454635569274183
2019-10-07,-0.015127644881180995
2019-10-08,-0.06079193020013497
2019-10-09,0.0
2019-10-10,0.024297206405670416
2019-10-11,0.04491278266197174
2019-10-14,-0.00010917268060434547
2019-10-15,0.0001091846005798715
2019-10-16,0.0001088719294181076
2019-10-17,0.00010936127502215543
2019-10-18,0.0
2019-10-21,0.00010965000200457041
2019-10-22,0.0
2019-10-23,0.0
2019-10-24,0.0002183740026100654
2019-10-25,0.0
2019-10-28,-0.00010941365203833526
2019-10-29,0.00021835021631101169
2019-10-30,0.00010960210628398767
2019-10-31,0.00010898905241031092
2019-11-01,-1.1017912922829937e-05
2019-11-04,0.00010937903159892111
2019-11-05,-0.00010936706913481034
2019-11-06,0.00010937903159892111
2019-11-07,0.00021853383228219428
2019-11-08,0.0
2019-11-11,0.0
2019-11-12,0.00010934317395197271
2019-11-13,0.0
2019-11-14,0.00010933121932943919
2019-11-15,-0.00010931926732064682
2019-11-18,-0.0011315137499987784
2019-11-19,0.007408183039249414
2019-11-20,0.006794705548262959
2019-11-21,0.0
2019-11-22,0.00010990794058845192
2019-11-25,0.0
2019-11-26,0.00010879490179283389
2019-11-27,0.0002185668976830708
2019-11-29,0.014563106796116505
2019-12-02,7.66417851012372e-05
2019-12-03,-0.00010945128887396634
2019-12-04,0.02673818669912567
2019-12-05,0.00021860243710202602
2019-12-06,0.0
2019-12-09,0.00010962741781719608
2019-12-10,0.0
2019-12-11,0.0
2019-12-12,0.00021833067545990213
2019-12-13,-0.00021828301758123218
2019-12-16,0.00021833067545990213
2019-12-17,-0.00010939148934212918
2019-12-18,0.00021880691429849183
2019-12-19,0.0001088796177355599
2019-12-20,5.508368971947407e-05
2019-12-23,0.00625
2019-12-24,-0.015527950310559006
2019-12-26,-0.0031545741324921135
2019-12-27,0.030854430379746837
2019-12-30,0.05448963929393707
2019-12-31,0.0
2020-01-02,0.00032811291001870734
2020-01-03,0.036273701566364384
2020-01-06,-0.0001095016128008984
2020-01-07,0.0
2020-01-08,0.00021872744591791535
2020-01-09,0.00010958955564582014
2020-01-10,0.0
2020-01-13,0.0
2020-01-14,0.0
2020-01-15,0.00010907810521741954
2020-01-16,0.00021853192688528982
2020-01-17,-0.00010904237924080741
2020-01-21,0.005704244649513274
2020-01-22,0.004189944134078212
2020-01-23,-0.0031769927908082366
2020-01-24,0.04460966542750929
2020-01-27,-0.07513920336166255
2020-01-28,0.04949891693201418
2020-01-29,-0.0177416423620262
2020-01-30,0.0056277368884330254
2020-01-31,-0.07027146528882244
2020-02-03,0.035070781266087814
2020-02-04,0.06933887602333383
2020-02-05,0.03677964697483995
2020-02-06,0.0001094722102249639
2020-02-07,0.0
2020-02-10,0.034317277499399515
2020-02-11,0.02226685684960585
2020-02-12,0.00010896132022804047
2020-02-13,0.00010924876062519026
2020-02-14,0.0
2020-02-18,0.00010963586527338337
2020-02-19,0.04054387263039672
2020-02-20,0.0
2020-02-21,-0.05969842233113423
2020-02-24,-0.11894374555601611
2020-02-25,-0.08760599676992734
2020-02-26,0.0032254562367995247
2020-02-27,-0.09410319970973219
2020-02-28,0.025484157356174895
2020-03-02,0.0870265391790957
2020-03-03,0.0002187882381038007
2020-03-04,0.04182813133863086
2020-03-05,0.00021814669737853413
2020-03-06,0.0
2020-03-09,0.0004371941259433783
2020-03-10,0.16636415746213268
2020-03-11,0.00021844970011456163
2020-03-12,-0.09542423412757442
2020-03-13,0.2709272016717814
2020-03-16,0.00010966283851808686
2020-03-17,0.14180280209610743
2020-03-18,0.00021790860475309412
2020-03-19,0.021889910663951122
2020-03-20,-0.07222292867474644
2020-03-23,0.0035665948192407197
2020-03-24,0.09259491851023208
2020-03-25,0.0
2020-03-26,0.0
2020-03-27,-0.00021858130090198364
2020-03-30,0.0
2020-03-31,0.00010966283851808686
2020-04-01,-8.766095013126755e-05
2020-04-02,0.00010926238535907919
2020-04-03,-0.0003278508446810852
2020-04-06,0.00010938581012235784
2020-04-07,-0.0002180510436494201
2020-04-08,0.00010870089981848344
2020-04-09,-0.00021807489533947773
2020-04-13,0.0002181224623726308
2020-04-14,0.00010938581012235784
2020-04-15,-0.00010937384617558771
2020-04-16,-0.00010868908521711989
2020-04-17,0.00021809860027682893
2020-04-20,-0.00010937384617558771
2020-04-21,0.0
2020-04-22,0.0
2020-04-23,0.00010938581012235784
2020-04-24,-0.00010937384617558771
2020-04-27,0.0
2020-04-28,0.0
2020-04-29,-0.00010868908521711989
2020-04-30,-0.04264862343673846
2020-05-01,-0.00017465978165437347
2020-05-04,0.0
2020-05-05,0.0
2020-05-06,0.00010899479821081306
2020-05-07,-0.00010898291963947854
2020-05-08,0.0
2020-05-11,0.00010899479821081306
2020-05-12,0.0
2020-05-13,0.0
2020-05-14,0.00010948055854194191
2020-05-15,-0.00021843956329602312
2020-05-18,0.0
2020-05-19,0.0
2020-05-20,0.07448627607693975
2020-05-21,-0.04394350537353922
2020-05-22,0.010098255480313739
2020-05-26,0.021918623728933575
2020-05-27,0.03287165933590432
2020-05-28,0.0
2020-05-29,0.0
2020-06-01,0.004659634365315895
2020-06-02,0.0
2020-06-03,0.0
2020-06-04,0.0
2020-06-05,-0.00021796583927895707
2020-06-08,0.01675141804023038
2020-06-09,0.03723217421847559
2020-06-10,0.00010899479821081306
2020-06-11,0.2507150118067943
2020-06-12,0.03242759572923022
2020-06-15,0.03570814518788519
2020-06-16,0.05441904257278625
2020-06-17,0.00793158200402844
2020-06-18,0.0017265704339049837
2020-06-19,-0.012838099352716407
2020-06-22,0.02714900278186109
2020-06-23,0.01607963450155019
2020-06-24,-0.06727444834061208
2020-06-25,0.027632016135808596
2020-06-26,-0.0672484298820226
2020-06-29,0.03566078533505462
2020-06-30,0.060147700050477176
2020-07-01,0.004189394671404212
2020-07-02,0.02462920461442961
2020-07-06,0.06649555766337821
2020-07-07,-0.02901617485058669
2020-07-08,0.03394642301971975
2020-07-09,0.016142379966072713
2020-07-10,0.013926175302835048
2020-07-13,-0.04569264057744517
2020-07-14,0.03763475593626692
2020-07-15,0.007214446819743474
2020-07-16,-0.014517494938284442
2020-07-17,0.0102868405338106
2020-07-20,0.057205983889508843
2020-07-21,-0.015557017613685784
2020-07-22,0.013395723123018555
2020-07-23,-0.05304879817756246
2020-07-24,-0.03262450146507474
2020-07-27,0.05662809389211209
2020-07-28,-0.03800011560004275
2020-07-29,0.04461615805783854
2020-07-30,0.02133342636106303
2020-07-31,0.0203796923790892
2020-08-03,0.03899706821748289
2020-08-04,0.022415601595296264
2020-08-05,0.008101425416775236
2020-08-06,0.018360078613494507
2020-08-07,-0.021569408552240807
2020-08-10,-0.0010639827893692954
2020-08-11,-0.03803981336370443
2020-08-12,0.0
2020-08-13,0.00010899479821081306
2020-08-14,-0.00010898291963947854
2020-08-17,0.0
2020-08-18,0.00010899479821081306
2020-08-19,0.0
2020-08-20,0.0
2020-08-21,0.0
2020-08-24,0.0
2020-08-25,-0.00010898291963947854
2020-08-26,0.0
2020-08-27,0.04529788281634663
2020-08-28,-0.0027716919555813577
2020-08-31,0.0364756039791568
2020-09-01,0.013024282560706401
2020-09-02,0.03614457831325301
2020-09-03,0.20016611295681064
2020-09-04,0.00010899479821081306
2020-09-08,0.0
2020-09-09,0.0758642874234402
2020-09-10,0.0
2020-09-11,-0.00010899479821081306
2020-09-14,0.05160726053009936
2020-09-15,-0.00021796583927895707
2020-09-16,0.00021801335874366965
2020-09-17,0.0
2020-09-18,-0.039803327696515595
2020-09-21,-0.009157686894650212
2020-09-22,0.04061811363889613
2020-09-23,-0.07886088329399576
2020-09-24,0.01707177908526172
2020-09-25,0.05381349913215078
2020-09-28,0.00010900667937183482
2020-09-29,0.0
2020-09-30,-0.00010899479821081306
2020-10-01,0.0
2020-10-02,0.0
2020-10-05,0.0
2020-10-06,0.00010900667937183482
2020-10-07,-0.00010899479821081306
2020-10-08,0.0
2020-10-09,0.0
2020-10-12,0.00010900667937183482
2020-10-13,-0.00010899479821081306
2020-10-14,0.0
2020-10-15,0.0
2020-10-16,0.00010900667937183482
2020-10-19,0.0
2020-10-20,-0.00010899479821081306
2020-10-21,0.0
2020-10-22,0.00010900667937183482
2020-10-23,0.0
2020-10-26,0.0
2020-10-27,-0.00010899479821081306
2020-10-28,-0.10619971252079217
2020-10-29,0.05317214110509184
2020-10-30,0.0
2020-11-02,0.0
2020-11-03,0.0
2020-11-04,-0.00010899479821081306
2020-11-05,0.08915673298772428
2020-11-06,-0.00010899479821081306
2020-11-09,0.00010900667937183482
2020-11-10,-0.00010899479821081306
2020-11-11,0.0
2020-11-12,0.0
2020-11-13,0.00010900667937183482
2020-11-16,0.0
2020-11-17,0.0
2020-11-18,0.0
2020-11-19,0.0
2020-11-20,0.0
2020-11-23,0.021299811397247372
2020-11-24,0.0
2020-11-25,-0.00010899479821081306
2020-11-27,0.00010900667937183482
2020-11-30,-0.00010899479821081306
2020-12-01,-7.685219769411552e-05
2020-12-02,0.0001094132859388297
2020-12-03,0.0
2020-12-04,0.0001091026772662174
2020-12-07,-0.0002184801564775783
2020-12-08,0.0
2020-12-09,0.0
2020-12-10,0.0
2020-12-11,0.0001094132859388297
2020-12-14,-0.00010940131598136216
2020-12-15,0.0
2020-12-16,0.0001094132859388297
2020-12-17,0.0
2020-12-18,0.0
2020-12-21,0.0
2020-12-22,0.0
2020-12-23,-0.00010940131598136216
2020-12-24,0.0001094132859388297
2020-12-28,0.016529848319386527
2020-12-29,0.0
2020-12-30,-0.00010940131598136216
2020-12-31,0.0001094132859388297
2021-01-04,0.0
2021-01-05,0.034373082247809855
2021-01-06,0.0001094132859388297
2021-01-07,0.0
2021-01-08,-0.00010940131598136216
2021-01-11,0.0001094132859388297
2021-01-12,-0.00010940131598136216
2021-01-13,0.0
2021-01-14,0.0001094132859388297
2021-01-15,0.0
2021-01-19,0.0
2021-01-20,0.0
2021-01-21,0.0
2021-01-22,-0.00010940131598136216
2021-01-25,0.0001094132859388297
2021-01-26,-0.00010940131598136216
2021-01-27,0.0
2021-01-28,0.0001094132859388297
2021-01-29,0.0
2021-02-01,0.08001935155165724
2021-02-02,-0.00010940131598136216
2021-02-03,0.0
2021-02-04,0.0001094132859388297
2021-02-05,0.0
2021-02-08,0.0
2021-02-09,0.0
2021-02-10,-0.00010940131598136216
2021-02-11,0.0001094132859388297
2021-02-12,-0.00010940131598136216
2021-02-16,0.0001094132859388297
2021-02-17,0.0
2021-02-18,-0.00010940131598136216
2021-02-19,0.0001094132859388297
2021-02-22,-0.00010940131598136216
2021-02-23,0.0
2021-02-24,-0.00010911461454864182
2021-02-25,0.0001091265218470102
2021-02-26,0.005000710812779438
2021-03-01,-0.00010911461454864182
2021-03-02,0.0
2021-03-03,0.0001091265218470102
2021-03-04,0.0
2021-03-05,0.01491168415858581
2021-03-08,-0.00010911461454864182
2021-03-09,0.03921231775031814
2021-03-10,0.0
2021-03-11,0.0001091265218470102
2021-03-12,-0.00010911461454864182
2021-03-15,0.0
2021-03-16,0.0
2021-03-17,0.0001091265218470102
2021-03-18,-0.00010911461454864182
2021-03-19,0.0
2021-03-22,0.0
2021-03-23,0.0001091265218470102
2021-03-24,-0.00010911461454864182
2021-03-25,0.0
2021-03-26,0.0
2021-03-29,0.0
2021-03-30,0.0001091265218470102
2021-03-31,-0.00010911461454864182
2021-04-01,0.0001091265218470102
2021-04-05,-0.00010911461454864182
2021-04-06,-0.00010952479382455403
2021-04-07,0.0
2021-04-08,0.00010953679081898468
2021-04-09,-0.00010952479382455403
2021-04-12,0.0
2021-04-13,0.0
2021-04-14,0.0
2021-04-15,0.00010953679081898468
2021-04-16,0.0
2021-04-19,0.028963094745944867
2021-04-20,0.0
2021-04-21,0.0
2021-04-22,0.00010953679081898468
2021-04-23,0.0
2021-04-26,-0.00010952479382455403
2021-04-27,0.00010953679081898468
2021-04-28,-0.00010952479382455403
2021-04-29,0.0
2021-04-30,0.00010953679081898468
2021-05-03,0.0
2021-05-04,-0.00010952479382455403
2021-05-05,0.00010953679081898468
2021-05-06,0.0
2021-05-07,-0.00010952479382455403
2021-05-10,0.0
2021-05-11,0.0
2021-05-12,-0.00010903889631526202
2021-05-13,0.02122385281877392
2021-05-14,0.0
2021-05-17,0.00010905078709272892
2021-05-18,0.0
2021-05-19,-0.00010903889631526202
2021-05-20,0.0
2021-05-21,0.00010905078709272892
2021-05-24,-0.00010903889631526202
2021-05-25,0.0
2021-05-26,0.007387358155658762
2021-05-27,0.00010905078709272892
2021-05-28,0.0
2021-06-01,-0.00010903889631526202
2021-06-02,0.0
2021-06-03,0.0
2021-06-04,0.00010905078709272892
2021-06-07,-0.00021847610823350216
2021-06-08,0.0
2021-06-09,0.0
2021-06-10,0.026678261307261766
2021-06-11,0.008137737001930495
2021-06-14,0.02572632675593034
2021-06-15,0.0
2021-06-16,0.00010946112655917365
2021-06-17,-0.00010944914613233707
2021-06-18,-0.04615858314069012
2021-06-21,0.02758482574200403
2021-06-22,0.01852484328167212
2021-06-23,0.0
2021-06-24,0.00010946112655917365
2021-06-25,0.0
2021-06-28,-0.00010944914613233707
2021-06-29,0.0
2021-06-30,0.0
2021-07-01,0.00010946112655917365
2021-07-02,-0.00010944914613233707
2021-07-06,0.016716321737385065
2021-07-07,0.0021398002853067048
2021-07-08,0.048527797729680605
2021-07-09,0.03288329299527071
2021-07-12,0.0
2021-07-13,0.0
2021-07-14,-0.000109560727220283
2021-07-15,0.00010957273208849413
2021-07-16,0.0
2021-07-19,-0.021682400427555933
2021-07-20,0.038654163198941514
2021-07-21,0.04601190205488814
2021-07-22,0.00029429951250580216
2021-07-23,0.02775409425463366
2021-07-26,0.00010957273208849413
2021-07-27,-0.000109560727220283
2021-07-28,0.020702800275128042
2021-07-29,0.024251157294895707
2021-07-30,-0.000109560727220283
2021-08-02,0.004267175571858582
2021-08-03,0.019361797161057646
2021-08-04,0.008708986979241707
2021-08-05,0.009124238897664968
2021-08-06,0.00010957273208849413
2021-08-09,0.0
2021-08-10,-0.000109560727220283
2021-08-11,0.0
2021-08-12,0.0
2021-08-13,0.00010957273208849413
2021-08-16,-0.0002185238504739099
2021-08-17,0.0
2021-08-18,0.0
2021-08-19,0.0002185716135845147
2021-08-20,0.025015307447947232
2021-08-23,-0.0002185238504739099
2021-08-24,0.0
2021-08-25,0.0
2021-08-26,0.00010898693949929766
2021-08-27,0.0
2021-08-30,0.0
2021-08-31,-0.0001089750626407387
2021-09-01,0.0
2021-09-02,0.0002185716135845147
2021-09-03,-0.0002185238504739099
2021-09-07,0.0
2021-09-08,0.0
2021-09-09,0.0
2021-09-10,0.00010898693949929766
2021-09-13,0.0
2021-09-14,-0.0001089750626407387
2021-09-15,0.02063157800826728
2021-09-16,0.002182368064630369
2021-09-17,-0.0001089750626407387
2021-09-20,-0.06207237349739461
2021-09-21,0.002070309801841113
2021-09-22,0.039476406681469144
2021-09-23,0.0347241939776506
2021-09-24,-0.0001089750626407387
2021-09-27,0.0
2021-09-28,0.0
2021-09-29,-0.0021327441880396375
2021-09-30,-0.003753188963190831
2021-10-01,0.006068111700252527
2021-10-04,-0.00021804973685610331
2021-10-05,0.03745212428688355
2021-10-06,0.0
2021-10-07,0.0
2021-10-08,0.0
2021-10-11,0.0
2021-10-12,0.0
2021-10-13,0.0
2021-10-14,-0.00010908656193028422
2021-10-15,0.00010909846310653639
2021-10-18,-0.00010908656193028422
2021-10-19,0.0
2021-10-20,0.0
2021-10-21,0.0
2021-10-22,0.0
2021-10-25,0.00010909846310653639
2021-10-26,-0.0002187708584464878
2021-10-27,0.0
2021-10-28,0.00021881872960780827
2021-10-29,0.0
2021-11-01,0.0
2021-11-02,-0.0002187708584464878
2021-11-03,0.0
2021-11-04,0.010649522638152645
2021-11-05,0.05421686746987952
2021-11-08,0.0012698412698412698
2021-11-09,0.02663284717818643
2021-11-10,0.0
2021-11-11,0.0001097082974946252
2021-11-12,0.0
2021-11-15,0.0
2021-11-16,-0.00010969626290438042
2021-11-17,0.0
2021-11-18,0.0001097082974946252
2021-11-19,0.0
2021-11-22,0.0
2021-11-23,-0.00010969626290438042
2021-11-24,0.0001097082974946252
2021-11-26,-0.00010969626290438042
2021-11-29,0.07155802480612837
2021-11-30,-0.00010969626290438042
2021-12-01,-0.036500990335672015
2021-12-02,0.021550906880558426
2021-12-03,-0.02738153434315936
2021-12-06,0.018334243020166355
2021-12-07,0.10069242490129299
2021-12-08,0.0001097082974946252
2021-12-09,-0.00010969626290438042
2021-12-10,0.0001097082974946252
2021-12-13,0.0
2021-12-14,0.0
2021-12-15,0.0
2021-12-16,-0.00010969626290438042
2021-12-17,0.0001097082974946252
2021-12-20,-0.028998019837641838
2021-12-21,0.07471831109342113
2021-12-22,0.0
2021-12-23,0.0
2021-12-27,0.0001094213365228291
2021-12-28,-0.00010940936480390413
2021-12-29,0.0
2021-12-30,0.0001094213365228291
2021-12-31,0.0
2022-01-03,-0.00010940936480390413
2022-01-04,0.0001094213365228291
2022-01-05,0.0
2022-01-06,0.0
2022-01-07,0.0
2022-01-10,-0.00010940936480390413
2022-01-11,-0.0001094213365228291
2022-01-12,0.00010943331086196373
2022-01-13,0.0001094213365228291
2022-01-14,0.0
2022-01-18,-0.00021881872960780827
2022-01-19,0.00021886662172392746
2022-01-20,-0.023828635300701798
2022-01-21,-0.06435497558396681
2022-01-24,0.022602599902984848
2022-01-25,-0.07632391861815371
2022-01-26,0.014080355507176245
2022-01-27,-0.06112296490143822
2022-01-28,0.07493623344472097
2022-01-31,0.05379792131136916
2022-02-01,-0.00010940936480390413
2022-02-02,0.0001094213365228291
2022-02-03,0.0
2022-02-04,-0.00021881872960780827
2022-02-07,0.0
2022-02-08,0.00010943331086196373
2022-02-09,-0.0001094213365228291
2022-02-10,0.0
2022-02-11,0.0
2022-02-14,-0.00010923397878389094
2022-02-15,0.0002186911781533693
2022-02-16,0.0
2022-02-17,-0.0001094213365228291
2022-02-18,0.00010943331086196373
2022-02-22,0.0
2022-02-23,-0.0001094213365228291
2022-02-24,0.04818632854482752
2022-02-25,0.0
2022-02-28,0.0
2022-03-01,0.00024089281635097115
2022-03-02,0.06638131835319075
2022-03-03,0.00010940695551232198
2022-03-04,0.0
2022-03-07,0.0
2022-03-08,0.005214842495103907
2022-03-09,0.10246728759315966
2022-03-10,0.0
2022-03-11,-0.00010939498693985259
2022-03-14,0.00010940695551232198
2022-03-15,-0.00021888960501535167
2022-03-16,0.0002189375281644146
2022-03-17,0.0
2022-03-18,-0.00010939498693985259
2022-03-21,0.0
2022-03-22,0.0
2022-03-23,0.00021891355306062968
2022-03-24,0.0
2022-03-25,-0.00021886564040564559
2022-03-28,0.0
2022-03-29,0.0
2022-03-30,0.00021891355306062968
2022-03-31,0.0
2022-04-01,0.0
2022-04-04,-0.00010948263031670665
2022-04-05,-0.00010939498693985259
2022-04-06,0.00010940695551232198
2022-04-07,0.0
2022-04-08,-0.00010939498693985259
2022-04-11,0.00010940695551232198
2022-04-12,-0.0031427310636115945
2022-04-13,0.02271608451247862
2022-04-14,-0.00010939498693985259
2022-04-18,0.00010940695551232198
2022-04-19,-0.00010939498693985259
2022-04-20,0.00021891355306062968
2022-04-21,0.0
2022-04-22,-0.00010948263031670665
2022-04-25,0.00010949461807549909
2022-04-26,-0.00010948263031670665
2022-04-27,0.001505521329490959
2022-04-28,0.060302891350279275
2022-04-29,-0.00021864252773472992
2022-05-02,0.00010949461807549909
2022-05-03,-0.00010948263031670665
2022-05-04,0.00021869034274405867
2022-05-05,0.0
2022-05-06,0.0
2022-05-09,-0.00010917184983930024
2022-05-10,0.01145637899212686
2022-05-11,-0.07590093668505378
2022-05-12,0.0005069453398496627
2022-05-13,0.11252485530101036
2022-05-16,-0.00010915993264752476
2022-05-17,0.09507495584212321
2022-05-18,0.0
2022-05-19,-0.018901221874859885
2022-05-20,-0.004700697951108283
2022-05-23,0.03943655989876129
2022-05-24,-0.05298943095423618
2022-05-25,0.04141801696528072
2022-05-26,0.08600653718100257
2022-05-27,0.097605747196825
2022-05-31,-0.013509995984177625
2022-06-01,1.1055431134922673e-05
2022-06-02,0.000218915035967103
2022-06-03,-0.00021886712266307317
2022-06-06,0.0001094575179835515
2022-06-07,-0.00010944553834656971
2022-06-08,0.0001094575179835515
2022-06-09,0.00010944553834656971
2022-06-10,-0.00021886712266307317
2022-06-13,0.0001094575179835515
2022-06-14,0.003518820562681421
2022-06-15,0.03760164683994458
2022-06-16,0.0002185923172618021
2022-06-17,0.016800493572973137
2022-06-21,0.0763609147846491
2022-06-22,0.00010970830929938203
2022-06-23,0.017384397398684966
2022-06-24,0.10922142427564596
2022-06-27,0.0
2022-06-28,0.00021914193338144964
2022-06-29,0.00010919856021150875
2022-06-30,-0.031683567022437964
2022-07-01,-0.022158283618275584
2022-07-05,0.007198300097562428
2022-07-06,0.0
2022-07-07,0.07992540453313125
2022-07-08,0.005536101303620943
2022-07-11,0.00010939410695239863
2022-07-12,-0.016949027004646233
2022-07-13,0.00043164621495399205
2022-07-14,0.020517776312138292
2022-07-15,0.06134221688216494
2022-07-18,-0.020082384771558548
2022-07-19,0.10095713844995313
2022-07-20,0.0
2022-07-21,0.0003281823208571959
2022-07-22,0.00010915920347414837
2022-07-25,-0.00010914728904301507
2022-07-26,0.0
2022-07-27,0.0
2022-07-28,0.00010915920347414837
2022-07-29,0.0001098437621727335
2022-08-01,-0.000669624432985771
2022-08-02,-0.011204253851364428
2022-08-03,-0.00010941344546023224
2022-08-04,0.00021914926910286775
2022-08-05,0.00021870342979490612
2022-08-08,0.00010907921925529619
2022-08-09,-0.00010906732227693595
2022-08-10,0.00010907921925529619
2022-08-11,0.0
2022-08-12,0.0002187311841470001
2022-08-15,-0.00010894406954607698
2022-08-16,0.00010895593964954362
2022-08-17,0.0
2022-08-18,0.0004377643086504772
2022-08-19,0.0
2022-08-22,0.00010929383070107422
2022-08-23,-0.0002183650793903104
2022-08-24,0.0003276191596692766
2022-08-25,0.00010917062016958498
2022-08-26,0.0
2022-08-29,0.0
2022-08-30,0.00010915870324625469
2022-08-31,0.00021869083640703866
2022-09-01,0.0035494920395655366
2022-09-02,0.00010969588528252498
2022-09-06,-0.022778317233894223
2022-09-07,0.05289619558936107
2022-09-08,0.00021924459369530362
2022-09-09,0.0
2022-09-12,-0.00010964788244635639
2022-09-13,0.00021902209364281177
2022-09-14,0.0
2022-09-15,0.0003275186291723155
2022-09-16,0.0
2022-09-19,0.0
2022-09-20,-0.00010910407010749826
2022-09-21,0.00021862873557300817
2022-09-22,0.0004370627203350993
2022-09-23,-0.04793503805336102
2022-09-26,-0.030476511686221584
2022-09-27,0.006876016264528619
2022-09-28,0.05083677592084378
2022-09-29,0.00021843777348082177
2022-09-30,-0.048242904620769064
2022-10-03,0.0806462337347342
2022-10-04,0.0003279719646908297
2022-10-05,0.0
2022-10-06,0.00021897262009954634
2022-10-07,0.0
2022-10-10,0.00010926421891041681
2022-10-11,0.0
2022-10-12,-0.010851967888293068
2022-10-13,0.05231321749041358
2022-10-14,0.0
2022-10-17,0.01922082215074493
2022-10-18,0.0
2022-10-19,0.0
2022-10-20,0.0004373611153193627
2022-10-21,0.00010916876055252655
2022-10-24,-0.00010915684403515741
2022-10-25,0.0
2022-10-26,0.00021843649550265287
2022-10-27,0.00032773161630464794
2022-10-28,-0.00010940592188733722
2022-10-31,0.0
2022-11-01,8.7653031706654e-05
2022-11-02,0.0003283238311661718
2022-11-03,0.00032801828991219653
2022-11-04,0.00021887077311998014
2022-11-07,-0.00010951027558241083
2022-11-08,0.00010952226939631484
2022-11-09,0.000546661854012919
2022-11-10,0.0001090553152464171
2022-11-11,-0.00010904342348149377
2022-11-14,0.0
2022-11-15,0.0002186045404350734
2022-11-16,0.00010893272007075985
2022-11-17,0.00048361016329177657
2022-11-18,0.007561412850041966
2022-11-21,0.00010957623218473092
2022-11-22,0.00021843750752637142
2022-11-23,0.026591096823428542
2022-11-25,-0.01861321262052726
2022-11-28,-0.05692974623069512
2022-11-29,-0.012940356842011995
2022-11-30,0.13476078170907466
2022-12-01,-0.006049262338663385
2022-12-02,-0.01711589300410799
2022-12-05,-0.045922338072795624
2022-12-06,-0.05854779593342253
2022-12-07,-0.00671925981647593
2022-12-08,0.04588054055505335
2022-12-09,-0.02187769011417661
2022-12-12,0.0439315748749148
2022-12-13,0.03464503637123693
2022-12-14,-0.029531451597776093
2022-12-15,-0.09869291422554352
2022-12-16,-0.030457461027418628
2022-12-19,0.0001201788095329257
2022-12-20,0.00010973240841870974
2022-12-21,0.00010962196462044576
2022-12-22,0.0006565773693238355
2022-12-23,0.0
2022-12-27,0.0
2022-12-28,0.0003283191006003549
2022-12-29,0.023783176683764732
2022-12-30,-0.00010915942916398026
2023-01-03,0.00010917134624581751
2023-01-04,-0.00010915942916398026
2023-01-05,0.00032761230277547756
2023-01-06,-0.00010903736022711991
2023-01-09,0.00021839322904360762
2023-01-10,-0.00010932010360363457
2023-01-11,0.04116804782436438
2023-01-12,0.019737211009609134
2023-01-13,0.013437676299243717
2023-01-17,0.0029330694450226793
2023-01-18,-0.03430696584807312
2023-01-19,-0.04501480259329603
2023-01-20,0.0001093731086544832
2023-01-23,0.08467795414241493
2023-01-24,-0.009807309619350325
2023-01-25,8.197809964381438e-05
2023-01-26,0.04583257600927542
2023-01-27,0.00010859165831811122
2023-01-30,0.0
2023-01-31,0.04658316333495026
2023-02-01,6.545431812817112e-05
2023-02-02,0.07070417150924817
2023-02-03,0.00021849574834304126
2023-02-06,0.00010966462599075135
2023-02-07,0.00010906517633117278
2023-02-08,0.0
2023-02-09,0.0003280408881283657
2023-02-10,0.0001093111041977519
2023-02-13,0.00021869616380509015
2023-02-14,0.0
2023-02-15,0.00021806137082436687
2023-02-16,0.0005464527907628645
2023-02-17,0.00010889850336896191
2023-02-21,0.0
2023-02-22,0.0003276373758005588
2023-02-23,0.0003272369292102197
2023-02-24,0.0001090107334546908
2023-02-27,0.0001090965206316464
2023-02-28,0.00010908461987916315
2023-03-01,5.458518481918633e-05
2023-03-02,0.0003282743733225614
2023-03-03,0.00021845239460623663
2023-03-06,0.00010939752023829728
2023-03-07,0.0
2023-03-08,0.00021828321471359624
2023-03-09,0.00021833313480432113
2023-03-10,-0.0476458516630659
2023-03-13,0.004843746821942746
2023-03-14,0.016094174586391896
2023-03-15,0.0005457081245294632
2023-03-16,0.00043628941986465283
2023-03-17,-0.02232341276462045
2023-03-20,0.00010934180130248187
2023-03-21,0.0
2023-03-22,-0.03885570392600826
2023-03-23,0.0004359588261757505
2023-03-24,0.0002176411955769316
2023-03-27,-0.017185851328983568
2023-03-28,-0.014768163016765735
2023-03-29,0.0636352528939509
2023-03-30,0.00021757002968464406
2023-03-31,-0.0002175227032636379
2023-04-03,0.00024023154819895879
2023-04-04,0.00010948816035289804
2023-04-05,-0.03089834010177412
2023-04-06,0.004712236785255073
2023-04-10,0.015937135876050428
2023-04-11,0.00010880956218432476
2023-04-12,0.00021905256027758186
2023-04-13,0.03908230026176395
2023-04-14,0.0
2023-04-17,0.00021820567185264284
2023-04-18,0.0001093701704748092
2023-04-19,0.0001090671055744353
2023-04-20,0.0007631924302488109
2023-04-21,-0.00010848729351057901
2023-04-24,0.00010849906428041123
2023-04-25,-0.00010848729351057901
2023-04-26,0.00546643702389988
2023-04-27,0.05062376257745296
2023-04-28,0.0
2023-05-01,3.275487703644726e-05
2023-05-02,-0.00021910163098440104
2023-05-03,-0.025684463224741702
2023-05-04,-0.016526567165262115
2023-05-05,0.05962030481682975
2023-05-08,0.00010974508241778199
2023-05-09,0.00010895822570681928
2023-05-10,0.00010933371992342185
2023-05-11,0.0006556401123545023
2023-05-12,-0.0060778135520805346
2023-05-15,0.00010922627262393917
2023-05-16,-0.00010921434354827632
2023-05-17,0.00021864603731629984
2023-05-18,0.0005456250802212021
2023-05-19,0.0
2023-05-22,0.00010943286129616844
2023-05-23,0.0
2023-05-24,0.0
2023-05-25,0.000654108783307399
2023-05-26,0.00021802253273018595
2023-05-30,0.00010932552525023666
2023-05-31,0.00021785461487726848
2023-06-01,0.0005578412220526665
2023-06-02,0.00010922883286097331
2023-06-05,0.0
2023-06-06,0.00021920565735840202
2023-06-07,0.00010909650729123501
2023-06-08,0.0005463875296715435
2023-06-09,0.00010921783067361085
2023-06-12,0.00010930228994080616
2023-06-13,0.00021858068851182114
2023-06-14,0.00021834021162812903
2023-06-15,0.00043697043465360506
2023-06-16,-0.057777777777777775
2023-06-20,0.00021855863181911357
2023-06-21,0.0
2023-06-22,0.000435962885494815
2023-06-23,0.0001092078266314687
2023-06-26,0.00010938831726999085
2023-06-27,0.00021788692967013938
2023-06-28,0.00010887164446675737
2023-06-29,0.00032696404174484555
2023-06-30,0.00032666490227883856
2023-07-03,0.00025150173057600817
2023-07-05,0.00010962603015801522
2023-07-06,0.000327689220350394
2023-07-07,0.00010957810604471632
2023-07-10,0.0002181719361943113
2023-07-11,0.00010935019009556093
2023-07-12,0.00021867646787779
2023-07-13,0.0004364895262668226
2023-07-14,0.00010955443195643303
2023-07-17,0.00010896690168729876
2023-07-18,0.0
2023-07-19,0.00021829370285968586
2023-07-20,0.0005456151527971743
2023-07-21,0.0
2023-07-24,0.00010858433437611351
2023-07-25,0.00010943499250006157
2023-07-26,0.00010913556678296615
2023-07-27,0.0005448518351744158
2023-07-28,0.00010915998803836342
2023-07-31,0.00010876509773970616
2023-08-01,0.00026250128881239994
2023-08-02,0.00010929897912647911
2023-08-03,0.00043772232423089727
2023-08-04,0.00021857409149941923
2023-08-07,0.0
2023-08-08,0.00021852632730595963
2023-08-09,0.00010928709912167785
2023-08-10,0.000546088972348892
2023-08-11,0.00010940661863222425
2023-08-14,0.00010910802659598912
2023-08-15,0.00010919165408924656
2023-08-16,0.00021835946514730764
2023-08-17,0.0004364325904556681
2023-08-18,-0.0014718050419320987
2023-08-21,0.022825039571853334
2023-08-22,0.00010908446449214787
2023-08-23,0.00021795427960480423
2023-08-24,0.0003271463961518654
2023-08-25,0.018725939028821317
2023-08-28,0.0002180740996147612
2023-08-29,-0.00010915627632382253
2023-08-30,0.00021785966843569987
2023-08-31,0.0006535319704484586
2023-09-01,0.0001640383693557274
2023-09-05,0.0002185867088232644
2023-09-06,0.0
2023-09-07,0.0005467758555132899
2023-09-08,0.00010906699844860284
2023-09-11,0.0
2023-09-12,0.00032773628153878845
2023-09-13,0.00010930476556410915
2023-09-14,0.00032778333806713603
2023-09-15,0.00021841892464480537
2023-09-18,0.00010837753599869186
2023-09-19,0.00010960154183608724
2023-09-20,0.0001088291522978919
2023-09-21,-0.018736842568056435
2023-09-22,0.005611513316927195
2023-09-25,0.015643893211665268
2023-09-26,0.00010901917123018259
2023-09-27,0.010698315739215121
2023-09-28,0.014012760322470395
2023-09-29,0.00010855647033571088
2023-10-02,0.00015332885871144174
2023-10-03,-0.013411054705512347
2023-10-04,0.007583490300404785
2023-10-05,0.0006561706548230345
2023-10-06,0.0
2023-10-09,0.00010917949336165935
2023-10-10,0.0
2023-10-11,0.00021842991252189986
2023-10-12,0.0004369539082789028
2023-10-13,0.00021847623292047607
2023-10-16,0.0001088828730838508
2023-10-17,0.00010962838250421899
2023-10-18,0.0001084804445539977
2023-10-19,0.0004365249058660353
2023-10-20,0.0002181672175089315
2023-10-23,0.00010896522760679444
2023-10-24,0.00010923708817617758
2023-10-25,0.00010884688779701558
2023-10-26,-0.005047779221856079
2023-10-27,0.008145223309951655
2023-10-30,0.012047989088577613
2023-10-31,0.008479663991775042
2023-11-01,0.00030638102973313104
2023-11-02,0.0003281041304664424
2023-11-03,0.04598795297437773
2023-11-06,0.003642801320666343
2023-11-07,0.0002185221652743076
2023-11-08,0.00010956751878927231
2023-11-09,-0.02094521900289053
2023-11-10,0.00010911843433814718
2023-11-13,0.0001092951312743916
2023-11-14,0.00010909460529534088
2023-11-15,0.00021854253249688804
2023-11-16,0.000436518263967524
2023-11-17,0.0002182110089149938
2023-11-20,0.0
2023-11-21,0.00032696250980604935
2023-11-22,0.00043609002306823
2023-11-24,0.00010871613492397119
2023-11-27,0.00010936313105326578
2023-11-28,0.0002178553901328918
2023-11-29,0.00010913918350718766
2023-11-30,0.00043538019095391346
2023-12-01,0.00020790982637695828
2023-12-04,0.0
2023-12-05,0.00021896034918581818
2023-12-06,-0.017268284787503516
2023-12-07,0.04783798969299555
2023-12-08,0.01545518277403874
2023-12-11,0.00021846326403088766
2023-12-12,0.0
2023-12-13,0.00010939557769550938
2023-12-14,-0.0026818403613856853
2023-12-15,0.024084422599243094
2023-12-18,0.0017307047442499809
2023-12-19,0.023307436182019976
2023-12-20,0.0878524945770065
2023-12-21,0.046709923110753816
2023-12-22,0.006125591068769198
2023-12-26,0.0280324646512662
2023-12-27,0.0
2023-12-28,-0.0021780056891575524
2023-12-29,0.0
2024-01-02,0.00010945812795889243
2024-01-03,0.00032833844456519825
2024-01-04,-0.01741678687225209
2024-01-05,0.006804902169095448
2024-01-08,0.00010964308089947366
2024-01-09,0.0001094439768910446
2024-01-10,0.0002187704688113655
2024-01-11,0.0005461052131540288
2024-01-12,0.00021841631813827425
2024-01-16,0.00010923103129324215
2024-01-17,0.00021843820235636707
2024-01-18,0.0004365007677294693
2024-01-19,0.00010914760575063161
2024-01-22,0.00010894897752271497
2024-01-23,0.00010940384890581683
2024-01-24,0.00010911186766569207
2024-01-25,0.0005449398522288124
2024-01-26,0.00010913381979655777
2024-01-29,0.00010884211113404434
2024-01-30,0.0001091100351390267
2024-01-31,0.00010928462397044467
2024-02-01,0.02793583341635826
2024-02-02,0.00021852859709952445
2024-02-05,0.0
2024-02-06,0.00021866719039958797
2024-02-07,0.00010944941541437129
2024-02-08,0.0004373771972243313
2024-02-09,0.00010929649551120969
2024-02-12,0.00021866218953739124
2024-02-13,0.0
2024-02-14,0.00021814905182873401
2024-02-15,0.0005461841500337155
2024-02-16,0.00021835439830204348
2024-02-20,0.00010906038942461951
2024-02-21,0.00010914146202332653
2024-02-22,0.0005455548019977214
2024-02-23,0.00010888423849550226
2024-02-26,0.0
2024-02-27,0.0002183950296969864
2024-02-28,0.00010866286352835933
2024-02-29,0.00043636864765093627
2024-03-01,0.00027317999052641867
2024-03-04,0.00010940919037199125
2024-03-05,0.0
2024-03-06,0.00021860886633394695
2024-03-07,0.0004373077096124669
2024-03-08,0.00010941822976326068
2024-03-11,0.00010922082438728554
2024-03-12,0.00032762668950473767
2024-03-13,0.0
2024-03-14,0.0004369705439222124
2024-03-15,0.00021815825153248067
2024-03-18,0.00010900902644751623
2024-03-19,0.00021845731905177485
2024-03-20,0.00010888075307706174
2024-03-21,0.0003272547272107353
2024-03-22,0.00010929600968690256
2024-03-25,0.00021819798996899979
2024-03-26,0.00010879764997076063
2024-03-27,0.0006540099551970804
2024-03-28,0.0
2024-04-01,0.0002734507852835406
2024-04-02,0.00021884869505458325
2024-04-03,0.0
2024-04-04,0.00043760162156533314
2024-04-05,0.00021833567077493002
2024-04-08,0.00010951335901387744
2024-04-09,0.00010940903884851834
2024-04-10,0.00021824023042623313
2024-04-11,0.000328119600563535
2024-04-12,0.00010906052111552858
2024-04-15,0.00021828177187598974
2024-04-16,0.00010911706767112171
2024-04-17,0.0001092896174863388
2024-04-18,-0.001983043056991792
2024-04-19,-0.06855800473069804
2024-04-22,0.032114771233518226
2024-04-23,0.02131873766708634
2024-04-24,0.0
2024-04-25,0.0005451152167388052
2024-04-26,0.0
2024-04-29,0.00021822193686609175
2024-04-30,0.00010899510654317693
2024-05-01,0.0001966116341252628
2024-05-02,0.0413990597229722
2024-05-03,0.0001091781479247092
2024-05-06,0.0
2024-05-07,0.00010953410207695419
2024-05-08,0.00021858442080691952
2024-05-09,0.0005459279091990783
2024-05-10,0.0
2024-05-13,0.00021887685117256243
2024-05-14,0.00010895513859442727
2024-05-15,0.00010921884185773074
2024-05-16,0.00043655211452232445
2024-05-17,0.00010915926069893876
2024-05-20,0.00021847828771038517
2024-05-21,0.00010893995004180927
2024-05-22,0.0002180397019463347
2024-05-23,0.0006543435031818967
2024-05-24,0.00010883312370502794
2024-05-28,-0.0001088212803451624
2024-05-29,0.00021849143537412097
2024-05-30,0.00021743536454203044
2024-05-31,0.0002178463346598101
2024-06-03,0.0001641050939650558
2024-06-04,0.0002187708905358595
2024-06-05,0.07340571566155385
2024-06-06,0.00010916639642183324
2024-06-07,0.0004374420746384052
2024-06-10,0.00021876270013583424
2024-06-11,0.00010908288926897077
2024-06-12,0.0002184164905090852
2024-06-13,5.470655195123542e-05
2024-06-14,0.022316212635611538
2024-06-17,-0.0044115584157297764
2024-06-18,-0.00573539172579838
2024-06-20,0.048619708282379014
2024-06-21,0.00032720581583895445
2024-06-24,0.00021803541052176596
2024-06-25,0.0
2024-06-26,0.00010922224809705803
2024-06-27,0.00021814670087129016
2024-06-28,0.00032710303837001715
2024-07-01,0.0003498118791477988
2024-07-02,0.00010938632265899812
2024-07-03,0.0003282142971169503
2024-07-05,0.0003281066078372795
2024-07-08,0.00021842289553277775
2024-07-09,0.0
2024-07-10,0.00021873976366262236
2024-07-11,0.004653327261059356
2024-07-12,0.0004370627777767654
2024-07-15,0.00021829931084993111
2024-07-16,0.0
2024-07-17,0.00032742302599698763
2024-07-18,0.00010922664802531874
2024-07-19,-0.0460445011718801
2024-07-22,0.0665396288599294
2024-07-23,0.0
2024-07-24,0.0003270106721911307
2024-07-25,-0.0407772190100648
2024-07-26,0.03808071369592537
2024-07-29,0.0016486691422853373
2024-07-30,-0.05510417691813352
2024-07-31,0.10861435564658184
2024-08-01,-0.1082741570400541
2024-08-02,-0.09686965382483538
2024-08-05,-0.07462103144901984
2024-08-06,0.0252692675938403
2024-08-07,-0.038149058724352244
2024-08-08,0.11964470335258238
2024-08-09,0.0036328882969793954
2024-08-12,0.0071830419247702944
2024-08-13,0.08152807476552397
2024-08-14,0.001684774243635904
2024-08-15,0.0881693827991489
2024-08-16,0.0011050035982626627
2024-08-19,0.038179794729659544
2024-08-20,-0.01589619128225428
2024-08-21,0.02151114846399172
2024-08-22,-0.05775111940820317
2024-08-23,0.04633132844250121
2024-08-26,-0.0370843778210144
2024-08-27,0.014053327104837943
2024-08-28,-0.03346514536448734
2024-08-29,-0.005477652841829105
2024-08-30,0.04406400538432662
2024-09-03,0.0003937587163429673
2024-09-04,-0.002827641847375208
2024-09-05,-0.0074393425000055455
2024-09-06,-0.08619503434975953
2024-09-09,0.042049851051139675
2024-09-10,0.024336346703083177
2024-09-11,0.07667536329155815
2024-09-12,0.013911347178942528
2024-09-13,0.026113064747325263
2024-09-16,-0.015690720680892098
2024-09-17,0.0006323656438373774
2024-09-18,-0.01821893527189807
2024-09-19,0.08470229967753125
2024-09-20,-0.019268908585760067
2024-09-23,0.00879223159397326
2024-09-24,0.019314447252262196
2024-09-25,0.005162649075911073
2024-09-26,0.0
2024-09-27,0.0003268651041769901
2024-09-30,-0.001731436254501189
2024-10-01,0.00022973256283919549
2024-10-02,0.012641855841832063
2024-10-03,-0.000346640496744208
2024-10-04,0.000218623736129341
2024-10-07,0.0002183959782745044
2024-10-08,0.0
2024-10-09,0.0001093990617770924
2024-10-10,0.00010902726896136683
2024-10-11,0.0005464261168477609
2024-10-14,-0.00010931543724556742
2024-10-15,0.0003274427208997644
2024-10-16,0.0
2024-10-17,0.000218493325392915
2024-10-18,0.00032717417392564706
2024-10-21,0.00021846397904470516
2024-10-22,0.00010875908488615142
2024-10-23,0.0
2024-10-24,0.00010919625539459584
2024-10-25,0.0004361088032651862
2024-10-28,0.0
2024-10-29,0.00021791447233913237
2024-10-30,0.00010911296008924291
2024-10-31,0.0002178432264483928
2024-11-01,0.0004266213900214728
2024-11-04,0.00021850987562421466
2024-11-05,0.0
2024-11-06,0.00021846213948928625
2024-11-07,0.00010925202425448713
2024-11-08,0.0005464692913024547
2024-11-11,-0.00010918042580366064
2024-11-12,0.00010919234747065198
2024-11-13,0.00021845041717401828
2024-11-14,0.0
2024-11-15,0.0003274697415093373
2024-11-18,0.00010921036341896828
2024-11-19,0.00032714777887244735
2024-11-20,0.00010925220311854643
2024-11-21,0.00010915080050928689
2024-11-22,0.0003268799151078368
2024-11-25,0.0001094609397489964
2024-11-26,0.0
2024-11-27,0.00032664791548465814
2024-11-29,0.00021811132044235836
2024-12-02,0.0002733840313697228
2024-12-03,0.00021871892714792396
2024-12-04,0.00010924622339021491
2024-12-05,0.00010923428995657244
2024-12-06,0.0004368001296021975
2024-12-09,0.00010971027916579482
2024-12-10,0.00021814687443460552
2024-12-11,0.00010922812570693755
2024-12-12,0.0002186108502900252
2024-12-13,0.00032739855796546865
2024-12-16,0.00010888904723332194
2024-12-17,0.00010932304424551495
2024-12-18,0.0
2024-12-19,-0.0006155658657761408
2024-12-20,0.011308636748447854
2024-12-23,0.0
2024-12-24,0.00021894087152902531
2024-12-26,0.00021880385739797133
2024-12-27,0.0004379573356339528
2024-12-30,0.0
2024-12-31,0.00021883829096732045
2025-01-02,0.00021861238813027304
2025-01-03,0.0001091933114958576
2025-01-06,0.00010944833678125254
2025-01-07,0.00021878374565780106
2025-01-08,0.0002185579834241071
2025-01-10,0.00032789874003108234
2025-01-13,0.00010908594336492528
2025-01-14,0.0002185036694482178
2025-01-15,0.00010931684349480794
2025-01-16,0.0
2025-01-17,0.000545902412767807
2025-01-21,0.0
2025-01-22,0.00021822406291105748
2025-01-23,0.0
2025-01-24,0.0004365304989278985
2025-01-27,0.00010890748748296157
2025-01-28,0.026961272674033126
2025-01-29,0.00010916187641278099
2025-01-30,0.00010888374198014003
2025-01-31,0.00032732550396282135
2025-02-03,0.00028428705950141463
2025-02-04,0.026798687823474963
2025-02-05,0.026981062438618027
2025-02-06,0.008258693550616519
2025-02-07,-0.03844587920386682
2025-02-10,0.031049842383289034
2025-02-11,-0.0010676702364055854
2025-02-12,0.0001091651497702437
2025-02-13,0.0002185722632949658
2025-02-14,0.0003276538812856575
2025-02-18,0.00021854147298192491
2025-02-19,0.00010898126947509008
2025-02-20,0.00021864695598291544
2025-02-21,0.0003271022247553371
2025-02-24,-0.04051034836751796
2025-02-25,-0.03888195378366556
2025-02-26,0.018602480494402523
2025-02-27,-0.10080465467051118
2025-02-28,0.04515443299835358
2025-03-03,-0.07132238502763152
2025-03-04,-0.0013857440764933455
2025-03-05,0.02215387019498062
2025-03-06,0.00010942288355991001
2025-03-07,0.011769482120641451
2025-03-10,0.00010909808217938922
2025-03-11,-0.012507087045398612
2025-03-12,0.01635835266112946
2025-03-13,-0.03117107720927771
2025-03-14,0.04352925281318917
2025-03-17,0.00021829420161874905
2025-03-18,0.0
2025-03-19,0.00010934390918683873
2025-03-20,0.00021822269833734247
2025-03-21,0.00032739496563411537
2025-03-24,0.0
2025-03-25,0.00010891954981565697
2025-03-26,0.00010926042508919187
2025-03-27,0.00021796792873506827
2025-03-28,0.0003273214211726623
2025-03-31,0.0
2025-04-01,0.00022974622251648694
2025-04-02,0.00010925196763674778
2025-04-03,0.00010941622654973284
2025-04-04,-0.1992154923041685
2025-04-07,0.014856653024787309
2025-04-08,-0.06706113466540906
2025-04-09,0.3915889402374582
2025-04-10,0.00010924449640135776
2025-04-11,0.0004372823325526858
2025-04-14,0.0
2025-04-15,0.00021828165618501205
2025-04-16,0.00010933691515085943
2025-04-17,0.0004365962275588088
2025-04-21,0.00010892559537860084
2025-04-22,0.0
2025-04-23,0.00021861860468060058
2025-04-24,0.0
2025-04-25,0.000436262788743963
2025-04-28,0.00010919383064520026
2025-04-29,0.0
2025-04-30,0.0001086548841556233
2025-05-01,0.00024082402921436123
2025-05-02,0.000328309354340449
2025-05-05,0.0
2025-05-06,0.0002185669940314533
2025-05-07,0.0
2025-05-08,0.00021869475039574797
2025-05-09,0.0003277071815690813
2025-05-12,0.0
2025-05-13,0.00021857530476212614
2025-05-14,0.0
2025-05-15,0.00010926377001923165
2025-05-16,0.00043683196691089916
2025-05-19,0.0
2025-05-20,0.0002184959015585252
2025-05-21,0.00010882977498523964
2025-05-22,0.00021842440044999106
2025-05-23,0.00043666580735040385
2025-05-27,0.0
2025-05-28,0.00010892179852654374
2025-05-29,0.0001089099358604524
2025-05-30,0.0003270443819185075
2025-06-02,0.00017519507297548617
2025-06-03,0.00021873674455328006
2025-06-04,0.0
2025-06-05,0.00010925697906289877
2025-06-06,0.0003281724598756251
2025-06-09,0.00021850584496577486
2025-06-10,0.00010927276440162584
2025-06-11,0.0
2025-06-12,0.00010917341650908341
2025-06-13,0.0004367333950196312
2025-06-16,0.0
2025-06-17,0.00021857713449045845
2025-06-18,0.00021835468521901237
2025-06-20,0.00021821969405232139
2025-06-23,0.00021817208460676773
2025-06-24,0.0
2025-06-25,0.00010919317503377919
2025-06-26,0.00010900670282128374
2025-06-27,0.00043641561496990204
2025-06-30,0.00010912173056771823
2025-07-01,0.0001750466965627004
2025-07-02,0.00010917793116366321
2025-07-03,0.0005468763828312554
2025-07-07,0.00010928063624685328
2025-07-08,0.0
2025-07-09,0.00010918155917366028
2025-07-10,0.0002186006595484228
2025-07-11,0.00021846577617763114
2025-07-14,0.0001092961181937802
2025-07-15,0.00010919709483480325
2025-07-16,0.00021837034426241497
2025-07-17,0.0
2025-07-18,0.0004366453381320215
2025-07-21,0.0002182273810974018
2025-07-22,0.00010908988414897886
2025-07-23,0.00010899100080529824
2025-07-24,0.0
2025-07-25,0.00032745921654186544
2025-07-28,0.0001089434485253074
2025-07-29,0.00010910545437727171
2025-07-30,0.0001086589160116997
2025-07-31,0.0001094293697302892
2025-08-01,0.0004264584300367874
2025-08-04,0.04597949439285207
2025-08-05,-0.018248954750659095
2025-08-06,0.012522331071266662
2025-08-07,0.016795037730772216
2025-08-08,0.02564432671099868
2025-08-11,0.00010920031773993884
2025-08-12,0.0001091883943325842
2025-08-13,0.0001091764735287407
2025-08-14,0.00010933810787974579
2025-08-15,0.00043678401672447213
2025-08-18,0.0
2025-08-19,0.0002182966598703004
2025-08-20,0.0002180755968811461
2025-08-21,0.0
2025-08-22,0.0003275188763311089
2025-08-25,0.00010910832671591477
2025-08-26,0.00010900977015229307
2025-08-27,0.00010899788831754048
2025-08-28,0.00010907264342012998
2025-08-29,0.0004358964919081516
2025-09-02,0.0002406257064970759
2025-09-03,0.00848751379543327
2025-09-04,0.02701703724260536
2025-09-05,0.00808342722473621
2025-09-08,0.01564860037252063
2025-09-09,0.006003532547963687
2025-09-10,0.020707712357445163
2025-09-11,0.020153127501463215
2025-09-12,0.005156256104180429
2025-09-15,0.021581713045729513
2025-09-16,0.0029704378774111956
2025-09-17,-0.003395409956234452
2025-09-18,0.04821875922753836
2025-09-19,0.00043660828719337943
2025-09-22,0.00010934194802785473
2025-09-23,0.007877650251165462
2025-09-24,0.0002180554771131562
2025-09-25,0.0
2025-09-26,0.00032696873904294253
2025-09-29,0.00010901149618149042
2025-09-30,0.0
2025-10-01,0.00022973632018166257
2025-10-02,0.00010931970785839586
2025-10-03,0.00021861551673236923
2025-10-06,0.00021856773443416487
2025-10-07,0.0
2025-10-08,0.00021860620820934867
2025-10-09,0.0
2025-10-10,0.00043694442727302277
2025-10-13,0.08416087397551601
2025-10-14,-0.02936438333651327
2025-10-15,0.041553888432379296
2025-10-16,-0.005664471339644716
2025-10-17,0.009356524701971935
2025-10-20,0.03878315679155196
2025-10-21,-0.006388935913958407
2025-10-22,-0.039975369313863016
2025-10-23,0.038033869594507434
2025-10-24,0.03430539917908292
2025-10-27,0.05813777659683404
2025-10-28,0.010930729566726072
2025-10-29,0.0003268929935275359
2025-10-30,0.0
2025-10-31,0.00021814417626875226
2025-11-03,0.00014215839093557507
2025-11-04,0.00010946274001833952
2025-11-05,0.0001091068448338167
2025-11-06,0.00010935284949282457
2025-11-07,-0.012349951745439089
2025-11-10,0.06267253532152012
2025-11-11,-0.00010910935067994456
2025-11-12,0.0001091212568294226
2025-11-13,0.00010919526355449569
2025-11-14,0.0004369051719916811
2025-11-17,0.0
2025-11-18,-0.0428141470205696
2025-11-19,0.02495739055489333
2025-11-20,-0.08683873188004179
2025-11-21,0.02709251023958519
2025-11-24,0.08312956022504818
2025-11-25,0.018158784600098753
2025-11-26,0.04312573352476077
2025-11-28,0.03019001000984474
2025-12-01,-0.007222940844302335
2025-12-02,0.00032822546036664706
2025-12-03,0.00010911544233797449
2025-12-04,0.00010944636082708195
2025-12-05,0.00021852598141089457
2025-12-08,0.00010915344137924712
2025-12-09,0.0002187113983591248
2025-12-10,0.0
2025-12-11,0.00010911766292920114
2025-12-12,0.00043693687212805214
2025-12-15,0.0
2025-12-16,0.00010914370896517554
2025-12-17,-0.06680900481479711
2025-12-18,0.04570573050190542
2025-12-19,0.04878688791927605
2025-12-22,0.0
2025-12-23,0.0
2025-12-24,0.0003285669877173602
2025-12-26,0.0003285445808572414
2025-12-29,0.0
2025-12-30,-0.0049633342087653295
2025-12-31,-0.028423125925717302
2026-01-02,0.00043776277411346844
2026-01-05,0.0
2026-01-06,0.00010943552030951543
2026-01-07,0.00021867625015332964
2026-01-08,0.0
2026-01-09,0.00021871384304049306
2026-01-12,0.0001094610834683453
2026-01-13,0.00010910760818962732
2026-01-14,0.00010943716262387975
2026-01-15,0.022193275558530845
2026-01-16,0.0004371032643445367
2026-01-20,0.0
2026-01-21,0.05623539811498155
2026-01-22,0.00010910950012749347
2026-01-23,0.000327804584453311
2026-01-26,0.0
2026-01-27,0.00010914711675526769
2026-01-28,0.00010913520496230957
2026-01-29,0.00021824659153811928
2026-01-30,0.0002183694383021529
2026-02-02,0.000153132009762613
2026-02-03,0.0
2026-02-04,0.0002189699551068991
2026-02-05,-0.026548969137468424
2026-02-06,0.09300927710436462
2026-02-09,0.02454003323262317
2026-02-10,-0.011116593405483294
2026-02-11,0.02708094702652945
2026-02-12,-0.06003607162050968
2026-02-13,0.009435407044109863
2026-02-17,-0.00044611468325829896
2026-02-18,0.022224690511720605
2026-02-19,-0.011830927134115425
2026-02-20,0.024845343725633393
2026-02-23,-0.028473261507450047
2026-02-24,0.03134032446465821
2026-02-25,0.03833241502455967
2026-02-26,-0.047464162583483974
2026-02-27,-0.0214334332052536
2026-03-02,0.001278592927375125
2026-03-03,-0.06917041415034784
2026-03-04,0.04176561738010051
2026-03-05,-0.019028477065890063
2026-03-06,-0.07061443714203529
2026-03-09,0.00010938967694374755
2026-03-10,0.006078391569817301
2026-03-11,0.007593778133450515
2026-03-12,0.00021864655152357162
2026-03-13,0.0003277707944082523
2026-03-16,0.01002307150722593
2026-03-17,0.00010939086178103939
2026-03-18,0.0002185032265925979
2026-03-19,0.0
2026-03-20,0.0003276408215012465
2026-03-23,0.010667962905888844
2026-03-24,0.00010922244473751337
2026-03-25,-0.00010921051649791042
2026-03-26,0.00021844488947502674
2026-03-27,0.00032742620956091313
2026-03-30,-0.011186525281292737
2026-03-31,0.12181303241814988
2026-04-01,0.0002627079905770881
2026-04-02,0.00021866814241540102
2026-04-06,0.00021878974458012571
2026-04-07,0.00010941328565217516
2026-04-08,0.0
2026-04-09,0.00010948599163571056
2026-04-10,0.00032791401727013823
2026-04-13,0.0
2026-04-14,0.00010926884163855526
2026-04-15,0.00010925690326329467
2026-04-16,0.00010932958792053601
2026-04-17,0.00032786829763164864
2026-04-20,0.017037947186993353
2026-04-21,0.00010918530929001216
2026-04-22,0.0
2026-04-23,0.00021851590827946967
2026-04-24,0.00021838362300375132
2026-04-27,0.00010912570698200812
2026-04-28,0.00010902928103894593
2026-04-29,0.0
2026-04-30,0.00010918641416773163
2026-05-01,0.0003284529855928538
2026-05-04,0.00021869965694817426
2026-05-05,0.00010936814601652498
2026-05-06,-0.00010935618593321403
2026-05-07,-0.007176840196874529
2026-05-08,0.0037366795933158666
2026-05-11,0.012297701253676706
2026-05-12,-0.01671118468661512
2026-05-13,0.0
2026-05-14,-0.017324641051862984
2026-05-15,0.009314084490967791
2026-05-18,0.0
2026-05-19,0.00021847338391062465
2026-05-20,0.00021834132948364427
2026-05-21,0.0
2026-05-22,0.00021846229860111616
2026-05-26,0.00021841458324921154
2026-05-27,0.00010914130486815731
2026-05-28,0.00010904512454107718
2026-05-29,0.00032752100806702697
2026-06-01,9.846840772962681e-05
2026-06-02,-0.013410357495862444
2026-06-03,-0.001091218861961405
2026-06-04,0.0
2026-06-05,0.0004374154055111983
2026-06-08,0.0001095164859770916
2026-06-09,0.0
2026-06-10,0.0001093361544698497
2026-06-11,0.12903032895762406
2026-06-12,0.027650983130307026
2026-06-15,0.0
2026-06-16,0.00010927642434752763
2026-06-17,0.00010926448431537347
2026-06-18,0.0004370101875687086
2026-06-22,0.0
2026-06-23,0.00010928889165006807
2026-06-24,-0.00810397242561049
2026-06-25,0.04144726498895568
2026-06-26,-0.07025314580856962
2026-06-29,0.07499781830987937
2026-06-30,0.06589955442844582
2026-07-01,0.0003063631294367841
2026-07-02,0.00043761154958577226
2026-07-06,-0.00010937601779295146
2026-07-07,0.00021869201356075176
2026-07-08,0.0
2026-07-09,0.00010936406516721791
2026-07-10,0.00043740842390549493
2026-07-13,0.0
2026-07-14,0.0001093042953568156
2026-07-15,0.00010920847175912536
2026-07-16,0.00010928041488649178
2026-07-17,0.00021853694796464197
2026-07-20,0.00010924460000085518
2026-07-21,0.0
2026-07-22,0.00021846533384370056
2026-07-23,0.0
2026-07-24,0.00032754261238868745
2026-07-27,0.00010917304975710463
2026-07-28,0.00010907735553261375
2026-07-29,0.00010914922659438079
2026-07-30,0.11432074795449093
2026-07-31,0.0003272924373002159
2026-08-03,0.00014215985867736076
2026-08-04,0.0
2026-08-05,0.00010940902551632772
2026-08-06,0.00021871041209712148
2026-08-07,0.0003281194063423699
2026-08-10,0.0
2026-08-11,0.0001092536046369706
2026-08-12,0.00021865063117176747
2026-08-13,0.0
2026-08-14,0.00021851920581440052
2026-08-17,0.00021855507504281639
2026-08-18,0.00010917006840934195
2026-08-19,0.00010924173365210411
2026-08-20,0.0
2026-08-21,0.00032760583068177366
2026-08-24,0.00010919402859881003
2026-08-25,0.00010918210656474332
2026-08-26,0.00010908665982912151
2026-08-27,0.0
2026-08-28,0.00021831655884328637
2026-08-31,0.00010913445356329001
2026-09-01,0.00010937301709224737
2026-09-02,0.00010944453766570078
2026-09-03,0.00021878164915286593
2026-09-04,0.00032814241848306403
2026-09-08,0.00010937273443682719
2026-09-09,0.0
2026-09-10,0.00010936077335000578
2026-09-11,0.0003279630359301355
2026-09-14,0.0
2026-09-15,0.00010931296426741803
