date,returns
2009-01-02,0.0
2009-01-05,-0.007469643247543762
2009-01-06,-0.017076461045319527
2009-01-07,-0.028563220521184714
2009-01-08,-0.009699641951434926
2009-01-09,-0.020202044085673755
2009-01-12,-0.026866354924507785
2009-01-13,0.02215083290647617
2009-01-14,-0.033291643038222414
2009-01-15,0.04450916912288921
2009-01-16,0.04696759532614645
2009-01-20,-0.025549376316561387
2009-01-21,0.016158233367648156
2009-01-22,-0.007500979211530206
2009-01-23,-0.003627567018485517
2009-01-26,0.027305849682370816
2009-01-27,0.02155957895804156
2009-01-28,0.016478797784729483
2009-01-29,-0.00511948961174471
2009-01-30,-0.04231009694107732
2009-02-02,0.005075114253055915
2009-02-03,0.02762097293279249
2009-02-04,-0.0011562334028660994
2009-02-05,0.01475686769656866
2009-02-06,0.03165105667362792
2009-02-09,-0.019900556918895064
2009-02-10,-0.025944460330052006
2009-02-11,0.008106036409034402
2009-02-12,-0.007754179399331283
2009-02-13,0.021418758063967192
2009-02-17,-0.029753496462677158
2009-02-18,0.02891353846796599
2009-02-19,-0.021572742082447468
2009-02-20,-0.01479548126025781
2009-02-23,-0.05565372185733975
2009-02-24,0.04271881228378958
2009-02-25,-0.029305986144568624
2009-02-26,-0.04467056456816004
2009-02-27,0.07320271713287235
2009-03-02,-0.007211529782055098
2009-03-03,0.02693681851559361
2009-03-04,0.036546046404559426
2009-03-05,-0.02729603949756317
2009-03-06,0.03332359308952282
2009-03-09,0.013295377372898372
2009-03-10,0.013679795610174668
2009-03-11,-0.021206706847574253
2009-03-12,0.02616765823053828
2009-03-13,0.014258519488144286
2009-03-16,-0.027575032821711167
2009-03-17,0.022518804246690335
2009-03-18,-0.021479296633311922
2009-03-19,-0.01694872273064548
2009-03-20,-0.01074096354024099
2009-03-23,0.044000253731919146
2009-03-24,-0.006568138070740396
2009-03-25,-0.02617063518648273
2009-03-26,0.03903818497711546
2009-03-27,-0.02205277304965202
2009-03-30,-0.01169267618922986
2009-03-31,0.014084289102841423
2009-04-01,0.0058333079020182295
2009-04-02,0.02457864502708214
2009-04-03,0.002156795351291667
2009-04-06,-0.012910151357927505
2009-04-07,-0.03188012893777417
2009-04-08,0.015198446077581132
2009-04-09,0.02772336080559786
2009-04-13,-0.011599224228077378
2009-04-14,-0.024563329049348027
2009-04-15,0.0022381456092272533
2009-04-16,0.021496171285025067
2009-04-17,0.013391842399900728
2009-04-20,-0.012944971833043103
2009-04-21,0.008196752707633858
2009-04-22,0.006775274404273391
2009-04-23,0.06271846100257153
2009-04-24,0.01038483223013408
2009-04-27,-0.0002503126577229739
2009-04-28,0.002758074371229708
2009-04-29,0.029507599274778255
2009-04-30,-0.009959095789071283
2009-05-01,0.008096148919219606
2009-05-04,0.01898274146213551
2009-05-05,-0.0052539788691516
2009-05-06,-0.04946017350366297
2009-05-07,-0.03864614833167783
2009-05-08,0.11797212208347169
2009-05-11,0.021151595455338266
2009-05-12,0.0036819941740498493
2009-05-13,-0.020407999922848804
2009-05-14,0.0018724565056863502
2009-05-15,-0.004438864705738043
2009-05-18,-0.0051632693060096845
2009-05-19,-0.02028761548283828
2009-05-20,-0.009390808216431899
2009-05-21,-0.033301285338998815
2009-05-22,-0.011566102806925159
2009-05-26,0.02696471662997047
2009-05-27,-0.0183302522583624
2009-05-28,-0.03305553568232726
2009-05-29,-0.042797966285032775
2009-06-01,-0.014994088413743334
2009-06-02,0.013838700897892227
2009-06-03,-0.006006195524479086
2009-06-04,0.003845526733596753
2009-06-05,-0.11463791356252927
2009-06-08,0.0349201375660805
2009-06-09,0.015228429865143249
2009-06-10,-0.0379411948840882
2009-06-11,-0.009477409906222142
2009-06-12,-0.03549407966942117
2009-06-15,-0.018240055722669853
2009-06-16,-0.0026072804663133096
2009-06-17,-0.014378791030786384
2009-06-18,0.017904534634731614
2009-06-19,0.0022795915653341416
2009-06-22,-0.0292492941816617
2009-06-23,0.02343510768205454
2009-06-24,-0.005888073445840703
2009-06-25,0.02073050698662926
2009-06-26,0.02417794935306941
2009-06-29,-0.019515021946216012
2009-06-30,-0.009310308120609675
2009-07-01,0.010693423696933968
2009-07-02,-0.03270272174264325
2009-07-06,-0.017566893376943792
2009-07-07,-0.026315812335043546
2009-07-08,-0.020443228570258785
2009-07-09,0.01591788917086425
2009-07-10,-0.005222760268848429
2009-07-13,0.015050157511429567
2009-07-14,0.004483026828904469
2009-07-15,0.019223854468710593
2009-07-16,-0.009093892846419009
2009-07-17,0.002039378848633472
2009-07-20,0.0030528908956168883
2009-07-21,-0.01386508061904544
2009-07-22,-0.0020576602072240042
2009-07-23,0.034707650149387675
2009-07-24,-0.01494516687958853
2009-07-27,-0.011800130781382588
2009-07-28,0.011258920319684892
2009-07-29,-0.012145737264080234
2009-07-30,0.020491783255629073
2009-07-31,0.037817686771034004
2009-08-03,0.03998734912736473
2009-08-04,0.012093033901480742
2009-08-05,-0.02573526930386246
2009-08-06,-0.035220450807231296
2009-08-07,0.17633670333589035
2009-08-10,-0.05264639079449793
2009-08-11,-0.021936244442384054
2009-08-12,-0.014951928983641857
2009-08-13,-0.00121450168690923
2009-08-14,-0.00881438748746563
2009-08-17,-0.026372034232960265
2009-08-18,0.006928629974934742
2009-08-19,0.0018768029058049338
2009-08-20,0.02466455994813535
2009-08-21,0.0082267053052974
2009-08-24,-0.004533108970565183
2009-08-25,-0.008803595543405037
2009-08-26,-0.008269537211033469
2009-08-27,0.007411973864146328
2009-08-28,0.006130937465437719
2009-08-31,-0.004875246057136252
2009-09-01,-0.02418817580840778
2009-09-02,0.0025099253773214385
2009-09-03,0.006886066092408448
2009-09-04,-0.0027977008302833995
2009-09-08,0.033977137684471505
2009-09-09,-0.019595811640975964
2009-09-10,0.02767529395866684
2009-09-11,-0.013465041973225723
2009-09-14,-0.018804739735418286
2009-09-15,0.0009273780556669158
2009-09-16,0.02625027689093647
2009-09-17,0.04122827197615716
2009-09-18,0.010693195124454059
2009-09-21,0.029454062367206206
2009-09-22,0.0011113484700520833
2009-09-23,-0.0188683783687664
2009-09-24,-0.0014137631578968661
2009-09-25,0.01812540209079109
2009-09-28,0.01446403902004538
2009-09-29,0.007952186466879828
2009-09-30,-0.0005444970694756779
2009-10-01,-0.023407517997426793
2009-10-02,0.010312361030475396
2009-10-05,-0.008000444504216792
2009-10-06,0.016129299173326478
2009-10-07,0.003557956775534825
2009-10-08,0.008453318251394993
2009-10-09,-0.0005406390681821065
2009-10-12,0.005681870960430565
2009-10-13,0.009954466093646197
2009-10-14,0.009855741676970614
2009-10-15,-0.0058027985805519985
2009-10-16,-0.0010615159258132146
2009-10-19,0.006374495815953474
2009-10-20,-0.010028832979764058
2009-10-21,-0.012530377863939814
2009-10-22,0.01430928837757106
2009-10-23,-0.0031940339652153913
2009-10-26,0.005072985861355244
2009-10-27,-0.005579223861483289
2009-10-28,-0.020571470939169424
2009-10-29,0.006546638458094404
2009-10-30,-0.020325202936851642
2009-11-02,0.00829870756950683
2009-11-03,0.005212870318028025
2009-11-04,0.0010912332700665304
2009-11-05,0.008178877314968287
2009-11-06,-0.06814497049385693
2009-11-09,-0.0020308618605454376
2009-11-10,0.0026170159362851417
2009-11-11,0.00899031467594939
2009-11-12,-0.013797139864657717
2009-11-13,0.024482724661865938
2009-11-16,0.012802245972651545
2009-11-17,-0.004775016255998606
2009-11-18,-0.012701148761640621
2009-11-19,0.0037166308043678612
2009-11-20,0.00882899601746666
2009-11-23,0.00790529382234595
2009-11-24,-0.01960802541806599
2009-11-25,0.0
2009-11-27,-0.006857137812399251
2009-11-30,0.00604140187520505
2009-12-01,0.019159531561173136
2009-12-02,0.0005609659982196474
2009-12-03,-0.010095417460314532
2009-12-04,0.004816326735715407
2009-12-07,-0.005074664860305157
2009-12-08,-0.005667807508412006
2009-12-09,-0.0028493642926149636
2009-12-10,0.017719123321919224
2009-12-11,-0.007301112103171654
2009-12-14,0.01612451169389278
2009-12-15,-0.015868637660371967
2009-12-16,0.027722537968842456
2009-12-17,-0.00633063361855625
2009-12-18,0.02493075889926562
2009-12-21,0.00540516716103071
2009-12-22,0.009408381966879506
2009-12-23,0.02503353797843192
2009-12-24,0.0010394529789500364
2009-12-28,0.013755332023386574
2009-12-29,0.001792277728702373
2009-12-30,-0.005366701837817539
2009-12-31,-0.013360944796015798
2010-01-04,0.02291686798756021
2010-01-05,0.003818751029727683
2010-01-06,0.020795924360171872
2010-01-07,-0.003974796835345504
2010-01-08,0.004988626918317702
2010-01-11,0.0
2010-01-12,-0.007694440199579957
2010-01-13,0.014507493190935751
2010-01-14,-0.0009864039341039284
2010-01-15,-0.0017271346186380004
2010-01-19,0.012608090235440562
2010-01-20,-0.003906385332789441
2010-01-21,-0.006617658092901059
2010-01-22,-0.022205787242957954
2010-01-25,-0.004289512997295853
2010-01-26,-0.005829061375819735
2010-01-27,0.006117762441842385
2010-01-28,-0.013934206751319718
2010-01-29,-0.012076498679129511
2010-02-01,0.02028610831292172
2010-02-02,-0.003823619758521737
2010-02-03,-0.003582209440836075
2010-02-04,-0.02336942993197319
2010-02-05,0.019721276279775747
2010-02-08,-0.01108783076433887
2010-02-09,0.010169498606379938
2010-02-10,-0.0041303149177725615
2010-02-11,0.013996913684388818
2010-02-12,0.0028116571473538717
2010-02-16,-0.004588358296122281
2010-02-17,0.011011753934969849
2010-02-18,0.02608937000969617
2010-02-19,0.008392591315063187
2010-02-22,-0.007343970737857616
2010-02-23,-0.01627615517091388
2010-02-24,0.006016540861246243
2010-02-25,0.0069775322321422905
2010-02-26,0.028953183512776794
2010-03-01,0.006493517663583188
2010-03-02,-0.001433656226724279
2010-03-03,-0.009332384177523355
2010-03-04,0.008695643760907219
2010-03-05,-0.008381029609257986
2010-03-08,-0.00627904937781918
2010-03-09,-0.005832316215745502
2010-03-10,-0.0007333339440952805
2010-03-11,0.012475546052714918
2010-03-12,0.015462867489269089
2010-03-15,-0.0014275843994949135
2010-03-16,0.005479912237420872
2010-03-17,0.009005105503294041
2010-03-18,-0.008924737302297666
2010-03-19,0.017298819536261983
2010-03-22,-0.0011645356056061652
2010-03-23,0.011426875555999477
2010-03-24,-0.005303019458323887
2010-03-25,0.004867850783528333
2010-03-26,-0.003691082643437404
2010-03-29,-0.0032412568206827822
2010-03-30,0.00627172101192352
2010-03-31,0.0013850732925811467
2010-04-01,0.002766249083506453
2010-04-05,0.0018388813939587824
2010-04-06,0.0009180484825972894
2010-04-07,-0.024529828394373846
2010-04-08,-0.013396039591977195
2010-04-09,0.011434003340540184
2010-04-12,-0.01012731887018855
2010-04-13,0.002141308528271576
2010-04-14,0.004748129789640774
2010-04-15,-0.012286919828941619
2010-04-16,-0.004306249307844773
2010-04-19,-0.0031236838145389297
2010-04-20,-0.006025732243280595
2010-04-21,0.0
2010-04-22,0.0019402789789281874
2010-04-23,0.042594127426277786
2010-04-26,-0.0009286370672096678
2010-04-27,-0.011152473934375143
2010-04-28,0.006109454990472778
2010-04-29,0.03713215451017253
2010-04-30,-0.00585488489780236
2010-05-03,-0.007247882761676231
2010-05-04,-0.008669624297350567
2010-05-05,-0.006904512770530403
2010-05-06,-0.014136898496560905
2010-05-07,-0.12200285322132076
2010-05-10,0.03346699838702648
2010-05-11,0.035492627861255184
2010-05-12,0.008756360710724647
2010-05-13,-0.026041624904978484
2010-05-14,-0.006875489040395283
2010-05-17,-0.0007692483755258414
2010-05-18,0.023094703311841523
2010-05-19,-0.009280349034754576
2010-05-20,-0.021518590713421923
2010-05-21,-0.009314348778387875
2010-05-24,-0.0018283942529092913
2010-05-25,-0.018053339589357113
2010-05-26,0.014121774221459486
2010-05-27,0.0315292171326755
2010-05-28,-0.005349006242511311
2010-06-01,-0.015108622553760685
2010-06-02,0.021840927715353353
2010-06-03,0.010941628872773007
2010-06-04,-0.0030203841907375174
2010-06-07,-0.015400332589342305
2010-06-08,-0.02666649451622596
2010-06-09,0.011590984734380144
2010-06-10,0.009895637483959831
2010-06-11,0.0038679148539350876
2010-06-14,-0.0017976752878551348
2010-06-15,0.010808053299537046
2010-06-16,-0.008401193996106737
2010-06-17,0.005904797372413648
2010-06-18,0.008932919529241252
2010-06-21,0.011131139964046495
2010-06-22,-0.012759573187273497
2010-06-23,-0.00658934220554815
2010-06-24,0.011479638197292391
2010-06-25,0.002018013696401179
2010-06-28,0.017367263105470262
2010-06-29,-0.022019183855510018
2010-06-30,-0.010624869813662187
2010-07-01,0.004091241705427524
2010-07-02,0.02164520110215316
2010-07-06,0.01595176880999224
2010-07-07,0.02281645158686428
2010-07-08,0.008395721352637591
2010-07-09,0.01641290405475741
2010-07-12,-0.030423723252821184
2010-07-13,0.0024138801388179617
2010-07-14,0.005778948303881497
2010-07-15,0.006942619822522089
2010-07-16,-0.023062524301008445
2010-07-19,0.0004871190231049409
2010-07-20,0.028216807737830408
2010-07-21,0.005441019880555846
2010-07-22,0.010353337070839748
2010-07-23,0.0016297966348807129
2010-07-26,0.005347938632942998
2010-07-27,-0.004162774445432084
2010-07-28,-0.027868125074914134
2010-07-29,-0.00238908360685396
2010-07-30,0.003113212239532842
2010-08-02,0.00047726962434960235
2010-08-03,-0.0007158359835853334
2010-08-04,-0.004059059219417574
2010-08-05,-0.004795350807588933
2010-08-06,0.07660802131452138
2010-08-09,0.016782281295269662
2010-08-10,-0.003080763218319013
2010-08-11,-0.015231820536434843
2010-08-12,0.001793125784640841
2010-08-13,-0.00850279034619345
2010-08-16,0.0013540625233253104
2010-08-17,0.01600161047801136
2010-08-18,0.007320361456174648
2010-08-19,0.004184238816885872
2010-08-20,0.0032894862738344077
2010-08-23,0.007868844954693904
2010-08-24,-0.016048409178777204
2010-08-25,-0.011240911271917769
2010-08-26,0.0011144339477218615
2010-08-27,0.01937207459453075
2010-08-30,-0.01812999843137451
2010-08-31,0.002002206456083116
2010-09-01,0.014431393394138105
2010-09-02,0.011162185253026147
2010-09-03,0.023160043274521352
2010-09-07,0.005923595483856129
2010-09-08,-0.017876128238807264
2010-09-09,-0.010064063645826122
2010-09-10,-0.0075706641113228185
2010-09-13,0.007846547426217829
2010-09-14,0.003676327278698611
2010-09-15,-0.005386934390845318
2010-09-16,-0.006499159202500891
2010-09-17,-0.008285925667416693
2010-09-20,0.008575205524366128
2010-09-21,-0.004359956980493711
2010-09-22,-0.007007155688294522
2010-09-23,0.002866764439856713
2010-09-24,0.017150411048732255
2010-09-27,0.020103726615343074
2010-09-28,0.001483560788403126
2010-09-29,-0.009310551700298512
2010-09-30,-0.004271492186295527
2010-10-01,0.007293153778265566
2010-10-04,-0.027470142037340488
2010-10-05,0.028683832592288645
2010-10-06,0.012771380026430055
2010-10-07,-0.013871331533217903
2010-10-08,0.005754424356646381
2010-10-11,0.003602318404762915
2010-10-12,0.010557756397024269
2010-10-13,0.013790236118047965
2010-10-14,0.04554804383190208
2010-10-15,-0.01123598673992269
2010-10-18,-0.00318990382832949
2010-10-19,-0.005400009979249569
2010-10-20,0.012266443722006788
2010-10-21,-0.0009931170633470465
2010-10-22,0.027639331623281225
2010-10-25,-0.0017414155179299477
2010-10-26,-0.0032951401424466823
2010-10-27,-0.010112954213838494
2010-10-28,0.00943024824690644
2010-10-29,-0.0033084969614571463
2010-11-01,0.00527241676607525
2010-11-02,-0.0050503613403103465
2010-11-03,0.0013663868390727874
2010-11-04,-0.003314302238303106
2010-11-05,0.008215926181134533
2010-11-08,-0.011059402251603926
2010-11-09,-0.018049647870207786
2010-11-10,-0.009390898896096926
2010-11-11,0.005445754121420027
2010-11-12,0.00601796297899039
2010-11-15,-0.00996993957107581
2010-11-16,-0.0004025600653500313
2010-11-17,0.004231292355438242
2010-11-18,0.007423388720292926
2010-11-19,0.05277856031887562
2010-11-22,0.0007567692200275927
2010-11-23,-0.008128657538940735
2010-11-24,0.029540566710473525
2010-11-26,0.00684940212980466
2010-11-29,-0.023166028446533374
2010-11-30,0.0016939970748960167
2010-12-01,-0.013340688918422569
2010-12-02,0.008188594071412125
2010-12-03,-0.003588655085520498
2010-12-06,0.0036015799135933227
2010-12-07,0.0
2010-12-08,-0.035889361078451275
2010-12-09,-0.018417047388935827
2010-12-10,-0.02055904728511206
2010-12-13,0.000611385578366909
2010-12-14,0.03951148872733528
2010-12-15,-0.010776032165426292
2010-12-16,0.004555197343719525
2010-12-17,0.040023980249913105
2010-12-20,0.0001892885051870474
2010-12-21,0.020470090647154156
2010-12-22,0.002600534093098674
2010-12-23,-0.007780624548824479
2010-12-27,-0.005601215346960404
2010-12-28,-0.013706478856957575
2010-12-29,0.0019038628765583807
2010-12-30,0.002469731492262084
2010-12-31,-0.009097793964455418
2011-01-03,0.024292430294844104
2011-01-04,-0.023529415536032806
2011-01-05,-0.00631099302499141
2011-01-06,0.03194786991441599
2011-01-07,-0.004475936678029653
2011-01-10,0.0029970522572330322
2011-01-11,-0.005042967717995655
2011-01-12,-0.0011263634572719833
2011-01-13,-0.0011276335825325407
2011-01-14,0.025211995649737088
2011-01-18,0.009175854334730083
2011-01-19,-0.013275271406970865
2011-01-20,0.014006781458417456
2011-01-21,0.01199560041025675
2011-01-24,-0.01508614156000775
2011-01-25,0.008388160039899896
2011-01-26,0.012657929217786102
2011-01-27,-0.006249905484050408
2011-01-28,-0.008984589239345222
2011-01-31,0.027017080642554047
2011-02-01,0.023128421647720977
2011-02-02,-0.007765296354132981
2011-02-03,-0.008173769501232579
2011-02-04,-0.002104203842489727
2011-02-07,-0.020207439504519673
2011-02-08,-0.0016140974153814895
2011-02-09,-0.010777737897156511
2011-02-10,0.00254245063397096
2011-02-11,0.024632984849276292
2011-02-14,-0.0031819716996905724
2011-02-15,0.00993113553559587
2011-02-16,0.0054431269394794495
2011-02-17,0.0026195901251825113
2011-02-18,-0.002438423210798871
2011-02-22,-0.027588513864695945
2011-02-23,0.0030525452055959936
2011-02-24,-0.020945288905428804
2011-02-25,0.07880771351476339
2011-02-28,-0.024575996344097118
2011-03-01,-0.02085141047167051
2011-03-02,-0.01721406378105009
2011-03-03,0.021487843596577766
2011-03-04,-0.006717259794162096
2011-03-07,-0.005517156260227941
2011-03-08,0.0026843854882007867
2011-03-09,0.006068351444977615
2011-03-10,0.0
2011-03-11,-0.01756262985500903
2011-03-14,-0.0016250693816181178
2011-03-15,-0.007957876470045208
2011-03-16,-0.0007294172778005315
2011-03-17,0.0023719189847685633
2011-03-18,0.007280453747564693
2011-03-21,-0.008131633952394517
2011-03-22,0.0021862410050287086
2011-03-23,0.03599345225606851
2011-03-24,0.013862232915513814
2011-03-25,0.022499286229745192
2011-03-28,-0.012356246694908852
2011-03-29,0.009597052268803368
2011-03-30,0.02274686028055416
2011-03-31,-0.00033221102104838884
2011-04-01,0.012784589406337896
2011-04-04,0.0011473169611550052
2011-04-05,-0.0009825017064478666
2011-04-06,0.015243378309063483
2011-04-07,0.0016146259726971348
2011-04-08,-0.000967140109696525
2011-04-11,0.004517720524493182
2011-04-12,-0.006585498668517034
2011-04-13,0.00371891383810078
2011-04-14,0.008376048964778084
2011-04-15,0.010862838891853506
2011-04-18,-0.00805942101547674
2011-04-19,0.01003659665844231
2011-04-20,0.006466813851393246
2011-04-21,0.023193968653483634
2011-04-25,-0.0105682116159357
2011-04-26,0.01826599005993975
2011-04-27,0.004864957353877957
2011-04-28,0.0027231221001307675
2011-04-29,-0.00196153573545849
2011-05-02,-0.015721656841586256
2011-05-03,-0.025341778161298043
2011-05-04,-0.011345717572972758
2011-05-05,-0.012751295964808966
2011-05-06,0.04520518535311236
2011-05-09,0.012202788812401479
2011-05-10,-0.0007632595277116648
2011-05-11,-0.006719472383260375
2011-05-12,0.026445370826223297
2011-05-13,-0.0038947791651385167
2011-05-16,0.0036090195286135026
2011-05-17,0.004944589000758681
2011-05-18,0.015506430114463962
2011-05-19,0.012185998472497092
2011-05-20,0.008993256883345792
2011-05-23,-0.0041689665355707116
2011-05-24,0.0050525326268956805
2011-05-25,0.015800311909903653
2011-05-26,0.0014138436116139072
2011-05-27,0.0009884709895399343
2011-05-31,0.010720946329080206
2011-06-01,0.008513429357215838
2011-06-02,0.0012455309874632068
2011-06-03,0.0059434147748851284
2011-06-06,-0.0092059839800013
2011-06-07,-0.005962878985416279
2011-06-08,0.01492737001684922
2011-06-09,0.0050860532780283504
2011-06-10,-0.020924514080049784
2011-06-13,0.004050670831661173
2011-06-14,0.015303209536106685
2011-06-15,-0.010687870280624906
2011-06-16,-0.02049839976864545
2011-06-17,0.02248305859505501
2011-06-20,0.02102050392930651
2011-06-21,0.015440843207730955
2011-06-22,-0.0021342613168399195
2011-06-23,0.0026736282730434172
2011-06-24,0.040527734145582535
2011-06-27,0.01358115426981593
2011-06-28,0.014283776868425859
2011-06-29,-0.002492413332282675
2011-06-30,0.011369384795714957
2011-07-01,0.03310664514319922
2011-07-05,-0.017218687138224064
2011-07-06,0.009733744869547225
2011-07-07,-0.014941647065150578
2011-07-08,-0.009174311926605505
2011-07-11,-0.023827234903971355
2011-07-12,-0.01467049603057007
2011-07-13,0.012321971915043443
2011-07-14,-0.00798786551951996
2011-07-15,0.0006389764207681305
2011-07-18,-0.00523688935847009
2011-07-19,0.04635349607612232
2011-07-20,-0.008467278979589873
2011-07-21,0.012499907052172942
2011-07-22,-0.01589058491604099
2011-07-25,-0.01651952173045032
2011-07-26,-0.02071246042245866
2011-07-27,-0.03017800183837529
2011-07-28,0.0279255656094653
2011-07-29,-0.008796776526255939
2011-08-01,-0.00013069146389077
2011-08-02,-0.03184941538922092
2011-08-03,0.020223808584811716
2011-08-04,-0.07440216837317264
2011-08-05,0.08395199624586695
2011-08-08,-0.09233394985521534
2011-08-09,0.0986793457885334
2011-08-10,0.009906222224909457
2011-08-11,0.05911608974228489
2011-08-12,-0.0012349951760429873
2011-08-15,0.002101833177170338
2011-08-16,-0.013571804410077494
2011-08-17,0.012007493411058686
2011-08-18,-0.003707767025102533
2011-08-19,-0.013645882955806798
2011-08-22,0.003647255156227814
2011-08-23,0.06203005995743171
2011-08-24,0.018996922315749447
2011-08-25,-0.021421829197041022
2011-08-26,0.001419915089470359
2011-08-29,0.051990971837770024
2011-08-30,0.006177791943104234
2011-08-31,-0.047555259453064914
2011-09-01,-0.014533607328027944
2011-09-02,-0.005352100483706187
2011-09-06,0.020447267950244263
2011-09-07,-0.003163820897403791
2011-09-08,0.025626117445286253
2011-09-09,-0.009054538405057069
2011-09-12,-0.0027758474862309545
2011-09-13,0.025400123453373523
2011-09-14,-0.00033933590481301023
2011-09-15,-0.004865422500395584
2011-09-16,0.04729982189764401
2011-09-19,0.0015198115023732728
2011-09-20,-0.0031435586572662604
2011-09-21,-0.010330731242069653
2011-09-22,-0.017140990002671462
2011-09-23,-0.018334153312079774
2011-09-26,0.03006488373775162
2011-09-27,-0.0006633651083491072
2011-09-28,-0.012058900294787608
2011-09-29,-0.010974154356204111
2011-09-30,-0.01166223162766223
2011-10-03,-0.08626419138288272
2011-10-04,0.02432314525453601
2011-10-05,0.01946146797710145
2011-10-06,0.012126215582539799
2011-10-07,0.020759283578142544
2011-10-10,0.019290906589422268
2011-10-11,0.02724910153889191
2011-10-12,0.011986636960297135
2011-10-13,0.013380035131778056
2011-10-14,0.021320256848031995
2011-10-17,-0.015046975413026317
2011-10-18,0.0009682846009382677
2011-10-19,-0.016552110957495487
2011-10-20,-0.005683148493532275
2011-10-21,0.019454831997119983
2011-10-24,-0.008625267717738208
2011-10-25,-0.08134863800681878
2011-10-26,-0.01645533752046866
2011-10-27,0.02900797312043762
2011-10-28,0.014387643646021853
2011-10-31,0.027329370085956723
2011-11-01,-0.03546962174056439
2011-11-02,0.026649429723219605
2011-11-03,0.02165063592094755
2011-11-04,0.06024628601934779
2011-11-07,-0.02187125493747965
2011-11-08,0.010805772734911064
2011-11-09,-0.046464910864364384
2011-11-10,-0.0011101111768912428
2011-11-11,0.03844879448837027
2011-11-14,-0.0019261466027977346
2011-11-15,0.017690551121298907
2011-11-16,-0.017383035640654545
2011-11-17,-0.020049430329137575
2011-11-18,-0.0042669313415770035
2011-11-21,-0.03153494506716033
2011-11-22,0.008622735193848754
2011-11-23,-0.034645795081769896
2011-11-25,-0.00932176149148184
2011-11-28,0.05245814433150661
2011-11-29,-0.004134798828630337
2011-11-30,0.03467619780078511
2011-12-01,-0.0013014860747940856
2011-12-02,0.01900504519346951
2011-12-05,-0.0030906245769295976
2011-12-06,0.015715194558122748
2011-12-07,0.007999240674092056
2011-12-08,-0.004385487454100258
2011-12-09,0.018772869427787067
2011-12-12,-0.014720984592417047
2011-12-13,-0.010552872393901522
2011-12-14,-0.020802448431642664
2011-12-15,-0.008519449464270133
2011-12-16,0.04296302178821358
2011-12-19,-0.00646592903661381
2011-12-20,0.019523427476321107
2011-12-21,-0.002162041664840419
2011-12-22,-0.01279389840451019
2011-12-23,-0.007734270310316313
2011-12-27,0.0005268212338429334
2011-12-28,-0.03505633826318361
2011-12-29,0.022801596154805367
2011-12-30,-0.0171732177734375
2012-01-03,0.003907062658196169
2012-01-04,0.0009729951623044267
2012-01-05,0.013716160968012599
2012-01-06,0.016194562263438243
2012-01-09,0.005661513246402799
2012-01-10,-0.006985047517078445
2012-01-11,-0.02992128387210876
2012-01-12,0.028463153801042477
2012-01-13,0.020625198138573716
2012-01-17,0.03680787378013469
2012-01-18,-0.006463703986779662
2012-01-19,0.01050941150731879
2012-01-20,0.035261425387836345
2012-01-23,0.004592418103081573
2012-01-24,0.012761797223772322
2012-01-25,0.0202183998717194
2012-01-26,-0.018619299869346018
2012-01-27,0.009955832708388712
2012-01-30,-0.018785529977017098
2012-01-31,-0.00947784742164631
2012-02-01,0.0026793041167855972
2012-02-02,0.010019996308709807
2012-02-03,-0.001228315261817128
2012-02-06,-0.003027038847774405
2012-02-07,0.006642003431598614
2012-02-08,0.00857751314252872
2012-02-09,0.012243146967176417
2012-02-10,-0.00018480024825995615
2012-02-13,0.009049910996262732
2012-02-14,0.009151502399572525
2012-02-15,-0.0340979368149514
2012-02-16,-0.004976261382980335
2012-02-17,0.003962994914084538
2012-02-21,0.008458625893572302
2012-02-22,0.026281525116851338
2012-02-23,-0.003450686894955454
2012-02-24,0.027519420750033267
2012-02-27,0.015785865956339913
2012-02-28,-0.004889067045751788
2012-02-29,0.0033338269881949554
2012-03-01,0.004721938882984158
2012-03-02,0.019843398208088253
2012-03-05,-0.01570246924974205
2012-03-06,-0.020808027970656926
2012-03-07,0.004427264907440555
2012-03-08,0.0171014711770617
2012-03-09,0.0325880886620569
2012-03-12,0.0003356190456796348
2012-03-13,0.01644576918597053
2012-03-14,-0.021958031718290565
2012-03-15,0.007933687635233312
2012-03-16,-0.002846936074651287
2012-03-19,0.0026871701823193215
2012-03-20,0.012395370184268093
2012-03-21,-0.0006619547204793945
2012-03-22,0.007119400541737592
2012-03-23,-0.004931795439182738
2012-03-26,0.014868621249841068
2012-03-27,0.007325485291045152
2012-03-28,-0.0011313707803036993
2012-03-29,0.012295872646749514
2012-03-30,-0.007671400042853611
2012-04-02,0.019648760968443965
2012-04-03,0.0075817337031499005
2012-04-04,-0.020849632807713594
2012-04-05,0.014729550419048715
2012-04-09,-0.007573449240411579
2012-04-10,-0.032273429730548954
2012-04-11,0.0369640200176653
2012-04-12,-0.008555147212134509
2012-04-13,0.026845611196410456
2012-04-16,-0.013694264481580062
2012-04-17,0.006311042184149285
2012-04-18,0.00611472997963551
2012-04-19,-0.01573950556956517
2012-04-20,0.005541579101810843
2012-04-23,-0.006298124626717819
2012-04-24,-0.0038028798452989605
2012-04-25,0.010497818851349691
2012-04-26,0.029119924544296676
2012-04-27,0.0022943323383495615
2012-04-30,-0.008087793110789134
2012-05-01,0.027384565653606377
2012-05-02,0.028301848800036947
2012-05-03,-0.02329973488769891
2012-05-04,-0.0049202594960829115
2012-05-07,0.012286451055118972
2012-05-08,-0.030639454708347596
2012-05-09,-0.002748486768303972
2012-05-10,0.089725813163947
2012-05-11,0.005339424199890367
2012-05-14,-0.009923171038626888
2012-05-15,0.010587239110362388
2012-05-16,-0.0016762501679487252
2012-05-17,-0.02434587772082419
2012-05-18,-0.016205215735832335
2012-05-21,0.013556826750478783
2012-05-22,0.005609053028211339
2012-05-23,0.0012872147795072854
2012-05-24,0.041993978815926425
2012-05-25,-0.01877999710877856
2012-05-29,0.020396798851945622
2012-05-30,0.008214629352620743
2012-05-31,-0.014122745652655502
2012-06-01,-0.02837472621272296
2012-06-04,0.03643330766226917
2012-06-05,-0.0038298025209403314
2012-06-06,0.015378183756933355
2012-06-07,0.007437421747442431
2012-06-08,0.021476644297178347
2012-06-11,-0.017214258645476804
2012-06-12,0.008022416893003328
2012-06-13,-0.008223913780856185
2012-06-14,0.020596611128304545
2012-06-15,0.030533197761871127
2012-06-18,0.0010173658722573524
2012-06-19,-0.032647426820215014
2012-06-20,-0.011162085623153767
2012-06-21,-0.007436987775263269
2012-06-22,-0.015118941465855944
2012-06-25,0.0033962255644135885
2012-06-26,0.010289610969841814
2012-06-27,-0.0473061867652333
2012-06-28,-0.03446347151320453
2012-06-29,0.03729600309577366
2012-07-02,0.05028103524997506
2012-07-03,0.001337158946993642
2012-07-05,-0.01041659980247937
2012-07-06,-0.009041836107946354
2012-07-09,-0.012528965762248883
2012-07-10,0.0020686486099595162
2012-07-11,-0.012111112904883387
2012-07-12,0.00069648247254865
2012-07-13,0.026451418530507198
2012-07-16,-0.016546901837853074
2012-07-17,-0.00951590986803152
2012-07-18,0.001113894763595137
2012-07-19,-0.056606392328925156
2012-07-20,-0.04216421385519605
2012-07-23,0.01831600646484588
2012-07-24,-0.010882699173010345
2012-07-25,0.017267831291968815
2012-07-26,0.017274956719346677
2012-07-27,0.006497378479816563
2012-07-30,0.0005868119430585898
2012-07-31,-0.026099662776821818
2012-08-01,-0.02348683670958747
2012-08-02,-0.01110090976644508
2012-08-03,0.04116001415613157
2012-08-06,-0.011380599077120891
2012-08-07,0.04301718035069327
2012-08-08,-0.015829193519745505
2012-08-09,-0.09694557411531193
2012-08-10,-0.11323527005579462
2012-08-13,-0.018426316139079347
2012-08-14,0.09986854441132215
2012-08-15,0.003242785549270974
2012-08-16,0.025178755535748724
2012-08-17,0.009624924949191446
2012-08-20,-0.006903416777952179
2012-08-21,0.004303277912258172
2012-08-22,0.010382382209831792
2012-08-23,-0.02707569973961007
2012-08-24,0.0016766123796499663
2012-08-27,0.004686139817105229
2012-08-28,-0.009162041036495748
2012-08-29,-0.0033625194855469286
2012-08-30,-0.011977106797332916
2012-08-31,0.006317306947376812
2012-09-04,-0.02867333196641099
2012-09-05,-0.029519562002094518
2012-09-06,0.04517645755109212
2012-09-07,0.0025830497191251215
2012-09-10,-0.01717635822167629
2012-09-11,-0.015029521739126087
2012-09-12,-0.09900640887343427
2012-09-13,0.051791835188866375
2012-09-14,0.006740358683717172
2012-09-17,-0.01022870306953675
2012-09-18,-0.01578357893224816
2012-09-19,0.02615514763490942
2012-09-20,0.032930238737577305
2012-09-21,-0.014769617587621913
2012-09-24,-0.005484482113479164
2012-09-25,-0.00753658743876148
2012-09-26,-0.01259496512986097
2012-09-27,0.002438443732358099
2012-09-28,0.011601920311937191
2012-10-01,0.01794294254562236
2012-10-02,-0.00617841658305769
2012-10-03,-0.005668163180323444
2012-10-04,0.018388935976333166
2012-10-05,0.029794212984105978
2012-10-08,-0.0007013343915221816
2012-10-09,-0.004386868111318334
2012-10-10,-0.05481123348419675
2012-10-11,0.01510340385401028
2012-10-12,0.0484938112776012
2012-10-15,0.02154869342287579
2012-10-16,0.001886282909856834
2012-10-17,-0.02122554050419437
2012-10-18,-0.020111821068677663
2012-10-19,-0.048367062219355016
2012-10-22,-0.14234813156198875
2012-10-23,-0.10168381820784454
2012-10-24,0.16772163998479228
2012-10-25,-0.018344721958306717
2012-10-26,-0.02612018397792012
2012-10-31,-0.026384793333530058
2012-11-01,0.0076149351175694695
2012-11-02,-0.021338053077535814
2012-11-05,0.022938734867867277
2012-11-06,0.0011101709880566258
2012-11-07,-0.0026613414879362736
2012-11-08,-0.012675088944923175
2012-11-09,0.01936944730385642
2012-11-12,-0.0022096122018382606
2012-11-13,0.027236484152269532
2012-11-14,-0.03556802534327498
2012-11-15,0.0015648019198655154
2012-11-16,0.014728807490528809
2012-11-19,-0.0052782000133644435
2012-11-20,-0.007517285055783302
2012-11-21,0.018935333546927505
2012-11-23,0.0043723482841682365
2012-11-26,-0.0013060191346033602
2012-11-27,0.13273756953087637
2012-11-28,-0.01173740684608664
2012-11-29,0.006425157570719793
2012-11-30,0.006964645526497977
2012-12-03,-0.003266238269943583
2012-12-04,-0.0042404688990001415
2012-12-05,-0.0005807334076999956
2012-12-06,0.004261112384400924
2012-12-07,0.017936324497508344
2012-12-10,0.0011368203267724222
2012-12-11,0.039174790856724796
2012-12-12,0.03442002197324216
2012-12-13,-0.03714786623588793
2012-12-14,-0.02395328617449468
2012-12-17,-0.011614639777978589
2012-12-18,0.014215313542821365
2012-12-19,-0.00840962103505611
2012-12-20,-0.017716017456444084
2012-12-21,-0.0005754982445766537
2012-12-24,0.0063351146117373676
2012-12-26,-0.007630559701728774
2012-12-27,0.0038447264230701624
2012-12-28,-0.006511100516353797
2012-12-31,0.01850433554222568
2013-01-02,0.02630592653018439
2013-01-03,-0.03724890212273856
2013-01-04,-0.0061289791566705295
2013-01-07,-0.035266834905912654
2013-01-08,0.013383825106131024
2013-01-09,-0.007884760498595149
2013-01-10,-0.031194298737375517
2013-01-11,0.0442985664255529
2013-01-14,-0.0029457527064538436
2013-01-15,0.0055152321164921615
2013-01-16,-0.009794393068086734
2013-01-17,-0.014045556539981366
2013-01-18,-0.04052968650098833
2013-01-22,0.015056507597894762
2013-01-23,-0.009888741927954563
2013-01-24,-0.016437725307039068
2013-01-25,-0.011846945998998673
2013-01-28,0.015842509105538
2013-01-29,-0.004425691731396931
2013-01-30,0.019898279861561386
2013-01-31,-0.005811415945126314
2013-02-01,-0.00521936548011873
2013-02-04,-0.0010491819185018494
2013-02-05,0.015336103757033773
2013-02-06,0.02317387062706896
2013-02-07,-0.02628912962755321
2013-02-08,-0.027206695518930762
2013-02-11,0.013023214051753124
2013-02-12,-0.01454159300060573
2013-02-13,0.01988881904251678
2013-02-14,0.0
2013-02-15,0.07108408400931918
2013-02-19,-0.027408126334873176
2013-02-20,0.019927532267421805
2013-02-21,-0.017959229489846896
2013-02-22,0.018689676894171253
2013-02-25,-0.02071416638069608
2013-02-26,-0.013900052551987448
2013-02-27,0.013687436971287955
2013-02-28,0.016928583059147177
2013-03-01,0.003963588464464121
2013-03-04,-0.016778605738739707
2013-03-05,-0.015257909083222745
2013-03-06,-0.00754330118760739
2013-03-07,-0.01910432119059925
2013-03-08,-0.008586483414216892
2013-03-11,-0.005280865854101486
2013-03-12,-0.019112288247709525
2013-03-13,0.019484685167037823
2013-03-14,0.0008493756268929822
2013-03-15,0.02652252647326443
2013-03-18,-0.005374204363112608
2013-03-19,0.033250055294081274
2013-03-20,0.025744260201659555
2013-03-21,-0.012745127958409926
2013-03-22,-0.03674269544168286
2013-03-25,-0.0024741652597513684
2013-03-26,0.00930133924004192
2013-03-27,-0.016793142264129982
2013-03-28,-0.005623838323884985
2013-04-01,-0.0016755623672491831
2013-04-02,0.0199327317501901
2013-04-03,-0.006788764448872559
2013-04-04,0.04142510240839126
2013-04-05,-0.011933219582825533
2013-04-08,0.04690027618547307
2013-04-09,0.012689826740072262
2013-04-10,0.040250522827887776
2013-04-11,0.019529211051079
2013-04-12,0.015932711365615464
2013-04-15,-0.0251982751788656
2013-04-16,0.02114964090853095
2013-04-17,-0.014338845398706265
2013-04-18,-0.008261409536846205
2013-04-19,0.008873522793626583
2013-04-22,-0.0021539584725927246
2013-04-23,0.019787737735352452
2013-04-24,0.014111721301150182
2013-04-25,-0.010958380548426636
2013-04-26,-0.003693366361393599
2013-04-29,-0.002647797481774297
2013-04-30,-0.0017698846172153587
2013-05-01,-0.008510630526872615
2013-05-02,-0.007510697115483005
2013-05-03,0.03495499894425676
2013-05-06,-0.021935936199987887
2013-05-07,0.017265850132718256
2013-05-08,-0.0031495783908304688
2013-05-09,-0.05195722195622459
2013-05-10,0.004073448571665584
2013-05-13,-0.007376089172323997
2013-05-14,0.048114509803588085
2013-05-15,0.024459463433977917
2013-05-16,-0.010207713218211983
2013-05-17,-0.005243858577347939
2013-05-20,-0.011245715880653663
2013-05-21,0.0028433288291842824
2013-05-22,0.00797446160494925
2013-05-23,-0.002285398118806901
2013-05-24,-0.014801797418011407
2013-05-28,-0.007512039988615268
2013-05-29,-0.011173198759566948
2013-05-30,-0.0009113350939199693
2013-05-31,-0.004195401716968727
2013-06-03,-0.011540628460650326
2013-06-04,0.10452192181836344
2013-06-05,-0.01644300766062818
2013-06-06,0.019105990401956624
2013-06-07,0.03146981783414514
2013-06-10,0.009412402928587905
2013-06-11,-0.013343867295625662
2013-06-12,0.008635934146037187
2013-06-13,0.0016156692742189545
2013-06-14,-0.04419366503108455
2013-06-17,0.005906279525724827
2013-06-18,0.00033558583486047606
2013-06-19,-0.021298137557276827
2013-06-20,-0.039753218626377554
2013-06-21,0.0032119627924073637
2013-06-24,0.010672399433413634
2013-06-25,0.0066878046004965755
2013-06-26,0.009615337483150226
2013-06-27,0.03290032721185065
2013-06-28,0.019782261022781515
2013-07-01,-0.00016452173841062406
2013-07-02,-0.00690568737701764
2013-07-03,-0.0024834060652176877
2013-07-05,0.005643314703047167
2013-07-08,0.0004951424944170157
2013-07-09,-0.013856845414349893
2013-07-10,-0.0030110134538900097
2013-07-11,0.01426162189646247
2013-07-12,-0.00976013504975151
2013-07-15,0.01570341257051112
2013-07-16,-0.0027961791418080026
2013-07-17,0.03447148225816498
2013-07-18,0.008609708045212553
2013-07-19,0.0020549072148517743
2013-07-22,0.019561382010894364
2013-07-23,0.00030951995190754065
2013-07-24,-0.021964337270230862
2013-07-25,0.0011070343786073863
2013-07-26,-0.00663513243914541
2013-07-29,-0.03610048742951637
2013-07-30,-0.005609606542070633
2013-07-31,0.011946230427840416
2013-08-01,0.02508609103766615
2013-08-02,0.01359553336295032
2013-08-05,0.0011047694345738565
2013-08-06,-0.007251051326677577
2013-08-07,-0.008256536651986926
2013-08-08,0.016170413999096345
2013-08-09,0.003623631660735615
2013-08-12,-0.014756591604257885
2013-08-13,-0.015296352469273407
2013-08-14,-0.019902904845619112
2013-08-15,-0.032854480828501585
2013-08-16,-0.005804193522738439
2013-08-19,0.014938235010061232
2013-08-20,0.0021993721141106274
2013-08-21,-0.00422025007193608
2013-08-22,0.018647333088957305
2013-08-23,-0.008154367442559813
2013-08-26,-0.010235068533973588
2013-08-27,-0.01712142174468771
2013-08-28,-0.005519237639572317
2013-08-29,-0.011793309691603944
2013-08-30,0.007195538531123192
2013-09-03,-0.05872091579858039
2013-09-04,0.037578543071049963
2013-09-05,0.001605643928245439
2013-09-06,-0.01585304512456459
2013-09-09,0.017556478401530795
2013-09-10,-0.0033794879817187653
2013-09-11,-0.009102269996598227
2013-09-12,-0.00756480793632864
2013-09-13,-0.0009075309177371357
2013-09-16,0.01271562264017583
2013-09-17,0.022959723568200325
2013-09-18,0.017534563795593632
2013-09-19,-0.03205243181047494
2013-09-20,-0.004806845022288171
2013-09-23,-0.018604430727000854
2013-09-24,-0.002187435886443999
2013-09-25,-0.007307367818291918
2013-09-26,-0.014169908966395669
2013-09-27,-0.009333652494644061
2013-09-30,-0.015451248590917937
2013-10-01,0.006698461892272227
2013-10-02,-0.007224246332560096
2013-10-03,-0.0090004423572943
2013-10-04,0.002318893653759058
2013-10-07,-0.004241395971732852
2013-10-08,0.03756043876181356
2013-10-09,-0.006157899642849935
2013-10-10,0.011077842928217972
2013-10-11,-0.0018569817989006446
2013-10-14,0.025674472139972624
2013-10-15,0.007799646837820134
2013-10-16,0.016378583565040485
2013-10-17,0.017354408270793945
2013-10-18,0.004699746965049703
2013-10-21,-0.005024337035248576
2013-10-22,0.002611935353927453
2013-10-23,-0.014588435027349154
2013-10-24,0.010927152017344033
2013-10-25,0.013772512972613686
2013-10-28,0.006019022188354617
2013-10-29,0.0005128322503505609
2013-10-30,-0.00905526217538046
2013-10-31,-0.0132757392933115
2013-11-01,-0.009435626137560256
2013-11-04,0.00017633469313927836
2013-11-05,0.01446204239904903
2013-11-06,0.005389586592107635
2013-11-07,-0.012450272230042253
2013-11-08,-0.034144709532811186
2013-11-11,0.01160259915316628
2013-11-12,0.0034049248766145424
2013-11-13,0.019646475852075445
2013-11-14,0.01103515905913893
2013-11-15,-0.004504574613169568
2013-11-18,-0.0074833731035140695
2013-11-19,0.0005260509606224318
2013-11-20,-0.0036803203543376334
2013-11-21,0.005101125708059116
2013-11-22,0.0031502295377530344
2013-11-25,-0.0017447646329680254
2013-11-26,0.027612823663871678
2013-11-27,0.01785716197233469
2013-11-29,-0.011194654146556647
2013-12-02,0.0055762389103940985
2013-12-03,0.0295747350008322
2013-12-04,0.019911917657821823
2013-12-05,-0.003200554825102173
2013-12-06,0.012201122068542194
2013-12-09,0.0009516474000268813
2013-12-10,0.0025351625623919183
2013-12-11,-0.009167030380292214
2013-12-12,-0.01754666356087402
2013-12-13,-0.002110718565004957
2013-12-16,0.03481938315491587
2013-12-17,-0.0033019622478138817
2013-12-18,0.027922393564661422
2013-12-19,0.016574614260241573
2013-12-20,0.0
2013-12-23,0.013134099480498007
2013-12-24,0.003725170256651356
2013-12-26,0.0014846228932978583
2013-12-27,-0.0005930706078040696
2013-12-30,0.005636410886723681
2013-12-31,-0.00044248799615221956
2014-01-02,-0.014608230255733318
2014-01-03,0.011081215606567277
2014-01-06,-0.01569918447291757
2014-01-07,0.019259774186666134
2014-01-08,0.009595534810675375
2014-01-09,-0.012282443660773966
2014-01-10,0.03360462859689431
2014-01-13,-0.0014322325592945181
2014-01-14,-0.007171598101285302
2014-01-15,-0.0018779752553324685
2014-01-16,0.006513226837081871
2014-01-17,-0.006039662976931779
2014-01-21,0.009548580929362208
2014-01-22,0.001862903947285017
2014-01-23,-0.012444530076429547
2014-01-24,-0.02158157885707267
2014-01-27,0.002516514094317098
2014-01-28,0.018163018665007396
2014-01-29,-0.01711377328497326
2014-01-30,0.01328017862036974
2014-01-31,-0.011213110426572826
2014-02-03,-0.01413842666814086
2014-02-04,0.006722421429140483
2014-02-05,-0.010980742116902453
2014-02-06,0.0205550650536078
2014-02-07,0.006615684766233971
2014-02-10,0.03242295106325849
2014-02-11,0.03239508718329619
2014-02-12,-0.016168895217097454
2014-02-13,-0.006545845423945041
2014-02-14,0.0036449261027471755
2014-02-18,0.005866715731806048
2014-02-19,0.015831100389768208
2014-02-20,0.021189406540482833
2014-02-21,0.0012048468716915831
2014-02-24,-0.003610114379710034
2014-02-25,-0.04200213555474436
2014-02-26,-0.005462914626900412
2014-02-27,0.0022534382643665655
2014-02-28,0.03991014554308819
2014-03-03,-0.019054025234839712
2014-03-04,0.025898739108387237
2014-03-05,-0.013831031747098925
2014-03-06,-0.008169888044554667
2014-03-07,0.00755068083624509
2014-03-10,-0.0009537003879124869
2014-03-11,0.005182774956512998
2014-03-12,-0.005698753781926705
2014-03-13,-0.04271302418930725
2014-03-14,-0.001282912982479037
2014-03-17,0.012132518209925749
2014-03-18,0.001128108865894727
2014-03-19,-0.019298344459444765
2014-03-20,0.00043083829032977624
2014-03-21,-0.01177320160167989
2014-03-24,-0.013656843834780098
2014-03-25,0.004566174253793015
2014-03-26,-0.0002931499974032649
2014-03-27,0.005573413519184841
2014-03-28,0.013564737907587287
2014-03-31,-0.0005755807045256042
2014-04-01,0.023038135356172027
2014-04-02,-0.01970437517873844
2014-04-03,-0.023546321049077324
2014-04-04,-0.019850055642920778
2014-04-07,0.002550370701201295
2014-04-08,-0.014664122013221582
2014-04-09,0.04616539518785081
2014-04-10,-0.07040193617638223
2014-04-11,-0.012023800992905342
2014-04-14,0.011379789918527545
2014-04-15,-0.001875246522352597
2014-04-16,0.024268031476536837
2014-04-17,0.03255889499967375
2014-04-21,-0.004737311522979794
2014-04-22,0.007883452401480463
2014-04-23,-0.010035451179829891
2014-04-24,-0.004919526267840875
2014-04-25,-0.014531767770145716
2014-04-28,0.014594086633926267
2014-04-29,-0.00449507234478094
2014-04-30,0.007826559662230502
2014-05-01,0.0002987495928084068
2014-05-02,-0.0008958102461009274
2014-05-05,-0.005977365940215396
2014-05-06,-0.007065419538155519
2014-05-07,-0.013171880109936043
2014-05-08,0.014421609422360452
2014-05-09,0.013157849189307633
2014-05-12,0.046424934214409394
2014-05-13,-0.0005707352558970535
2014-05-14,0.003853846234263148
2014-05-15,-0.0011374122553160192
2014-05-16,0.004270478692079663
2014-05-19,-0.0014175749281783935
2014-05-20,-0.014194411010565358
2014-05-21,0.004751646313787115
2014-05-22,-0.006018890295392211
2014-05-23,0.004469316973694512
2014-05-27,-0.014496808975637897
2014-05-28,-0.0027673500036044054
2014-05-29,0.008032843726629093
2014-05-30,0.005215915610191244
2014-06-02,-0.0054771800658719744
2014-06-03,-0.03275357122006624
2014-06-04,0.020377564128449894
2014-06-05,-0.0011748258893243767
2014-06-06,0.0036755019366796113
2014-06-09,0.00014642468959977364
2014-06-10,0.023725790981911615
2014-06-11,0.0017167775466584152
2014-06-12,0.008711696329179279
2014-06-13,-0.024918406356194675
2014-06-16,0.021925229392785222
2014-06-17,-0.0019892199838111137
2014-06-18,0.016230033427209977
2014-06-19,0.01919314495952482
2014-06-20,-0.0008247611448936856
2014-06-23,0.007704019790454566
2014-06-24,-0.027713370588732484
2014-06-25,-0.010811629877628398
2014-06-26,-0.008232680413602015
2014-06-27,-0.008873715999812622
2014-06-30,0.025704092622286945
2014-07-01,-0.012530014960454406
2014-07-02,-0.004134573974740928
2014-07-03,0.004294852239322916
2014-07-07,-0.002565907533687885
2014-07-08,-0.008860789410133657
2014-07-09,-0.005335405096061055
2014-07-10,0.027254376726651097
2014-07-11,0.0019757450186669023
2014-07-14,-0.009718289994882397
2014-07-15,-0.017636286573970237
2014-07-16,-0.02924564511036789
2014-07-17,-0.011484030713176843
2014-07-18,0.02308389799114568
2014-07-21,-0.04527352747392212
2014-07-22,0.01096698952239831
2014-07-23,-0.00045837563669232713
2014-07-24,0.019107189432950693
2014-07-25,0.005099890777317729
2014-07-28,-0.02999552466187971
2014-07-29,0.0013846469946848358
2014-07-30,-0.0035336201593926773
2014-07-31,-0.013876093097312624
2014-08-01,0.019543524587084065
2014-08-04,0.005213897103562094
2014-08-05,-0.006712470384812163
2014-08-06,0.014283495873948714
2014-08-07,-0.01423371976495595
2014-08-08,0.06682022141064688
2014-08-11,0.009935185573490308
2014-08-12,0.007984106188906001
2014-08-13,0.0063649057792742325
2014-08-14,0.007027299506432335
2014-08-15,0.30481512798856136
2014-08-18,-0.054016446123988524
2014-08-19,0.006784286500849831
2014-08-20,-0.006176969048256177
2014-08-21,-0.01118770178552526
2014-08-22,-0.01291429735829828
2014-08-25,0.0003472845159866153
2014-08-26,0.007060170360675662
2014-08-27,-0.005286694503304233
2014-08-28,0.018601970988599607
2014-08-29,0.0028357098494412665
2014-09-02,0.01538286092852219
2014-09-03,0.006461061402902672
2014-09-04,-0.016823510456871926
2014-09-05,0.004390380212324422
2014-09-08,0.0077336766646410975
2014-09-09,-0.0024468413268553483
2014-09-10,0.021407111592460195
2014-09-11,-0.007095373900164579
2014-09-12,-0.011763472159629482
2014-09-15,0.0012237884096893488
2014-09-16,0.006555620829264323
2014-09-17,0.002538822142920262
2014-09-18,-0.004184049276884465
2014-09-19,-0.007297632930638986
2014-09-22,0.02895955454467641
2014-09-23,-0.020025861320342054
2014-09-24,0.012702903339271543
2014-09-25,-0.02345115143381004
2014-09-26,0.01116952601735046
2014-09-29,0.00883677759016109
2014-09-30,0.0037228071243827327
2014-10-01,-0.012435883687481797
2014-10-02,0.00022084201231696706
2014-10-03,0.01634464069879358
2014-10-06,0.003694428214814409
2014-10-07,0.000649514446911037
2014-10-08,0.04370886641025281
2014-10-09,-0.010366054314292907
2014-10-10,-0.006598903143625157
2014-10-13,-0.020244663923616117
2014-10-14,0.016788651184627378
2014-10-15,-0.0323878229431279
2014-10-16,-0.006453606923337974
2014-10-17,0.014092182953759849
2014-10-20,0.034958278016391356
2014-10-21,0.03178427342026105
2014-10-22,-0.0017283650120747036
2014-10-23,-0.005703281350652269
2014-10-24,0.0026632160514094474
2014-10-27,0.0
2014-10-28,-0.004494865941394889
2014-10-29,0.012313936625450321
2014-10-30,0.004561628033235547
2014-10-31,0.017961681346130083
2014-11-03,0.0034694156990294645
2014-11-04,-0.011755320038907427
2014-11-05,-0.008696548435080007
2014-11-06,0.01320957666323894
2014-11-07,0.07872221151616456
2014-11-10,-0.0058124243831049775
2014-11-11,-0.0069599112679281224
2014-11-12,0.00841051491892137
2014-11-13,0.0023167100066600775
2014-11-14,-0.002218985701762693
2014-11-17,0.01992217974754069
2014-11-18,-0.002907238182989652
2014-11-19,0.0050114175022765665
2014-11-20,-0.0009972856855161476
2014-11-21,-0.006715653625483964
2014-11-24,-0.006030184170933847
2014-11-25,0.015258859598694118
2014-11-26,-0.0005432446241007271
2014-11-28,0.01594335325241711
2014-12-01,-0.007579121893717188
2014-12-02,-0.015453637442519912
2014-12-03,-0.023909565988219417
2014-12-04,-0.003272201523018664
2014-12-05,0.0007503442566568095
2014-12-08,-0.001593312848597522
2014-12-09,-0.0010326756096460412
2014-12-10,0.0009396393815264984
2014-12-11,0.01765104381279222
2014-12-12,-0.030261117234311834
2014-12-15,-0.0009514786188959582
2014-12-16,0.011713275834241236
2014-12-17,0.021837382086484974
2014-12-18,0.032885001008842604
2014-12-19,-0.004459143939484402
2014-12-22,0.004479116966760977
2014-12-23,-0.0008026071259551245
2014-12-24,0.004641169413715035
2014-12-26,-0.009328419097765139
2014-12-29,-0.0026006035370671186
2014-12-30,-0.014745509413336473
2014-12-31,-0.011224671280020243
2015-01-02,-0.0017536340138457132
2015-01-05,0.011741938692214134
2015-01-06,0.02604396087068376
2015-01-07,0.03277517394448943
2015-01-08,0.015091477240260507
2015-01-09,-0.005692003923521852
2015-01-12,-0.043403948583329154
2015-01-13,0.010271471113685135
2015-01-14,0.040933751341349627
2015-01-15,-0.012570226759985806
2015-01-16,0.02262181939418363
2015-01-20,-0.012196153788028935
2015-01-21,0.009366439343976027
2015-01-22,0.012232261198706375
2015-01-23,-0.005667204615557611
2015-01-26,0.005364172175692465
2015-01-27,-0.009503986636888177
2015-01-28,0.0033667649928104787
2015-01-29,0.013086161692408433
2015-01-30,-0.03163039972163482
2015-02-02,0.005130319288691231
2015-02-03,-0.007486120812817773
2015-02-04,0.0176566831260704
2015-02-05,-0.0030320625408562646
2015-02-06,-0.010306739735340527
2015-02-09,-0.010328598321943458
2015-02-10,0.0219941936584295
2015-02-11,0.004219700661060682
2015-02-12,0.004370086862184726
2015-02-13,-0.014810384390683738
2015-02-17,0.008238404110152923
2015-02-18,0.013225440801431558
2015-02-19,0.0070669270099425075
2015-02-20,0.0010731729346522808
2015-02-23,0.007092298312737239
2015-02-24,0.02202743901724757
2015-02-25,-0.008172425909108914
2015-02-26,0.007674355073780142
2015-02-27,0.13131310351205344
2015-03-02,0.0007794827679326044
2015-03-03,-0.0038235566288459823
2015-03-04,-0.008174037391570303
2015-03-05,0.0035115500118057695
2015-03-06,-0.02435189646819453
2015-03-09,0.00431854882686753
2015-03-10,-0.009401653584070786
2015-03-11,0.0002942694250025954
2015-03-12,0.013901171058198039
2015-03-13,-0.017192620291847996
2015-03-16,0.018895760018036185
2015-03-17,-0.012677457418551417
2015-03-18,0.0030816506429230104
2015-03-19,0.011484105595374883
2015-03-20,-0.0054960279200105275
2015-03-23,0.0030540878966496656
2015-03-24,0.005509657414795068
2015-03-25,-0.019250249447370832
2015-03-26,0.003969719552008744
2015-03-27,0.010397725158769291
2015-03-30,0.01775480352845236
2015-03-31,-0.014525783187745205
2015-04-01,-0.012644481665307267
2015-04-02,-0.007244742522167328
2015-04-06,0.01518505920963389
2015-04-07,-0.0014522827438363365
2015-04-08,0.0019633541075110505
2015-04-09,-0.0013788722748336126
2015-04-10,0.005377808043998539
2015-04-13,-0.004047952682971258
2015-04-14,-0.01437073276076881
2015-04-15,0.013917549447451773
2015-04-16,0.002251416610480989
2015-04-17,-0.007898496544879416
2015-04-20,0.01950184809826722
2015-04-21,0.0019343777535653739
2015-04-22,0.00042904090577302646
2015-04-23,0.0032163041204862973
2015-04-24,0.010116802137882878
2015-04-27,0.011708279774072407
2015-04-28,-0.018823154149464758
2015-04-29,-0.011226333542824558
2015-04-30,-0.014731347985816103
2015-05-01,0.029319529309012528
2015-05-04,0.005101715219118324
2015-05-05,-0.008600616278670132
2015-05-06,-0.0010666124585250345
2015-05-07,0.021426552280060903
2015-05-08,-0.1046763098296522
2015-05-11,0.04312285540198185
2015-05-12,-0.015595852833806947
2015-05-13,-0.015009093594405304
2015-05-14,0.020778857052771937
2015-05-15,-0.0024125429455422055
2015-05-18,-0.008010950764285785
2015-05-19,-0.007313722021543247
2015-05-20,-0.00813496686702465
2015-05-21,0.007505336856880853
2015-05-22,-0.006143827832197493
2015-05-26,-0.013522969849979912
2015-05-27,0.018643309459950207
2015-05-28,-0.006459522511039931
2015-05-29,-0.014860754553565742
2015-06-01,-0.0008642411329866778
2015-06-02,-0.008256628430302898
2015-06-03,-0.0011893253085558286
2015-06-04,0.009605423683482071
2015-06-05,-0.01281651894088071
2015-06-08,-0.00047781705604533375
2015-06-09,-0.004860980144606476
2015-06-10,0.017216448297549317
2015-06-11,0.0011021571974901014
2015-06-12,0.009593527307257446
2015-06-15,-0.011527432749585743
2015-06-16,0.04152552422029178
2015-06-17,0.0005295208295364571
2015-06-18,0.012173918009764645
2015-06-19,-0.001045835785913576
2015-06-22,-0.0016452379501553835
2015-06-23,-0.0007490522406074439
2015-06-24,-0.0032983690882559084
2015-06-25,0.028655245182954845
2015-06-26,0.019302501977843965
2015-06-29,-0.03600886960187926
2015-06-30,-0.0027532581044075123
2015-07-01,0.0035815516658659844
2015-07-02,-0.006691432986672355
2015-07-06,0.00913171721511792
2015-07-07,0.011274323682760122
2015-07-08,-0.01862993052209115
2015-07-09,-0.0026905591029200227
2015-07-10,0.020008979289744183
2015-07-13,0.02409817552871226
2015-07-14,0.010689417248682357
2015-07-15,-0.0053945961595355816
2015-07-16,-0.003140182849005376
2015-07-17,0.0027205115757951894
2015-07-20,0.019205989559288907
2015-07-21,0.009106851744292084
2015-07-22,0.026379724104038035
2015-07-23,0.0045992323131307895
2015-07-24,0.002423808334686186
2015-07-27,-0.0008731605884518209
2015-07-28,0.008268425653444494
2015-07-29,0.008867167742724563
2015-07-30,0.005683399932978096
2015-07-31,0.009002389286802552
2015-08-03,0.014718422037409177
2015-08-04,-0.026249944362369246
2015-08-05,0.015027649263480826
2015-08-06,-0.05928567314855583
2015-08-07,0.029681725175279373
2015-08-10,-0.029764689915888185
2015-08-11,-0.01333517834692054
2015-08-12,-0.0045518315596326155
2015-08-13,0.048610704102709096
2015-08-14,0.008989592525548056
2015-08-17,0.002061230154696126
2015-08-18,-0.0012607408429992284
2015-08-19,-0.0217246912748606
2015-08-20,-0.01799656343046395
2015-08-21,-0.03934994710471209
2015-08-24,-0.024836257875073292
2015-08-25,-0.008120439228077142
2015-08-26,0.03148258055240314
2015-08-27,0.01024600875015968
2015-08-28,0.002999854506933807
2015-08-31,-0.014028404132325088
2015-09-01,-0.024772500522571666
2015-09-02,0.0101459424747699
2015-09-03,-0.0055718631065137855
2015-09-04,-0.010321366028360153
2015-09-08,0.01981514007886227
2015-09-09,-0.0328707100118838
2015-09-10,-0.0012083716819911476
2015-09-11,0.0040078550913571495
2015-09-14,-0.0045944445689481295
2015-09-15,0.002421305199710053
2015-09-16,0.010945054105900524
2015-09-17,0.005749303895366155
2015-09-18,-0.0007423791441926631
2015-09-21,0.004754824373159678
2015-09-22,-0.005175988867989478
2015-09-23,-0.001337922651585939
2015-09-24,0.020690672571213833
2015-09-25,-0.006635553824282704
2015-09-28,-0.015782144410947652
2015-09-29,0.00350535063364575
2015-09-30,0.004385073331497289
2015-10-01,-0.006955795525236702
2015-10-02,-0.002011925903343474
2015-10-05,0.008885256766181474
2015-10-06,-0.009029076563784464
2015-10-07,0.005675979200639981
2015-10-08,0.011139164686726715
2015-10-09,0.009327236878146737
2015-10-12,0.000218256302848149
2015-10-13,-0.04204858735481963
2015-10-14,-0.02361786606275791
2015-10-15,0.015477962846622822
2015-10-16,0.01294420032349544
2015-10-19,0.00340268121449465
2015-10-20,0.052072342182999734
2015-10-21,-0.00515717776778814
2015-10-22,0.025775778208914444
2015-10-23,-0.006246978224095825
2015-10-26,-0.000847596752813676
2015-10-27,-0.0060087551431065684
2015-10-28,0.005191634621825294
2015-10-29,-0.03325304763532615
2015-10-30,-0.002342001774571169
2015-11-02,-0.009829813622986171
2015-11-03,-0.002074315889500499
2015-11-04,-0.013957033766271722
2015-11-05,-0.004366711390706246
2015-11-06,0.13611614679591405
2015-11-09,-0.007920752409398659
2015-11-10,0.019054087598711536
2015-11-11,0.0010533175320634604
2015-11-12,-0.023610581431397427
2015-11-13,-0.011652992881244694
2015-11-16,0.005043340217883092
2015-11-17,-0.012612789910637223
2015-11-18,0.024174140706762458
2015-11-19,0.0015423010874381425
2015-11-20,-0.008503000013178788
2015-11-23,0.015666250730952857
2015-11-24,0.012299601910579655
2015-11-25,0.027256121360594816
2015-11-27,0.0008311069145622238
2015-11-30,-0.012329119035953339
2015-12-01,0.016881238143992002
2015-12-02,-0.015328909527042106
2015-12-03,-0.011239619666717526
2015-12-04,0.02371469841037243
2015-12-07,-0.007147408592416883
2015-12-08,0.005913369152943025
2015-12-09,-0.02875399290934327
2015-12-10,-0.001118434074842702
2015-12-11,-0.013765396347116493
2015-12-14,0.014491824322263909
2015-12-15,0.004410468838600646
2015-12-16,0.004784347350758034
2015-12-17,-0.019698603329602986
2015-12-18,-0.029609502075797822
2015-12-21,0.01124524892431103
2015-12-22,0.00013564057853965845
2015-12-23,-0.0002033556869414847
2015-12-24,0.009154341653961787
2015-12-28,-0.004434835501753679
2015-12-29,0.013566376926314528
2015-12-30,0.0004661617406724785
2015-12-31,-0.008519769545980964
2016-01-04,-0.031015057017254412
2016-01-05,0.01198561345813848
2016-01-06,0.0015746105526171653
2016-01-07,-0.007518760527410712
2016-01-08,-0.006542757316691586
2016-01-11,0.012409045251725202
2016-01-12,0.008627735544624827
2016-01-13,-0.02464356664105407
2016-01-14,-0.008700520850757953
2016-01-15,-0.009057723400259819
2016-01-19,0.025720948219232577
2016-01-20,-0.0327438128892452
2016-01-21,-0.01428361961544516
2016-01-22,0.0444862728944016
2016-01-25,-0.028232517335822414
2016-01-26,-0.007423832743891944
2016-01-27,-0.007766921413283246
2016-01-28,-0.005580954152051887
2016-01-29,-0.015816368704613063
2016-02-01,0.01777389650279288
2016-02-02,-0.009532162909968568
2016-02-03,-0.008815784506707261
2016-02-04,-0.04788019226278595
2016-02-05,-0.036820826643656136
2016-02-08,-0.04857343327945339
2016-02-09,0.010108752892496022
2016-02-10,-0.017576414643547505
2016-02-11,0.01780515399514121
2016-02-12,0.029184264324846675
2016-02-16,0.01585357847399768
2016-02-17,0.009090093933425603
2016-02-18,0.005022299740701538
2016-02-19,0.011977581306886862
2016-02-22,0.017479194457249304
2016-02-23,-0.007857641529719154
2016-02-24,0.02803007186345783
2016-02-25,0.005362559908613218
2016-02-26,-0.01742913471022959
2016-02-29,-0.04044658118816776
2016-03-01,0.03370517665985158
2016-03-02,-0.015262465177249784
2016-03-03,0.00563604741213468
2016-03-04,0.0032692314544605855
2016-03-07,-0.006982680700159289
2016-03-08,0.010469568989882543
2016-03-09,0.005721780354849134
2016-03-10,0.012147260747037794
2016-03-11,0.016786957855141522
2016-03-14,-0.014193888704366511
2016-03-15,0.00015150672878066744
2016-03-16,0.0318230391998743
2016-03-17,0.0
2016-03-18,0.0025700885492693447
2016-03-21,-0.014721999421131613
2016-03-22,0.0005947490743361478
2016-03-23,-0.013150077098825935
2016-03-24,-0.011894945257818585
2016-03-28,0.015161917550223215
2016-03-29,0.0027769358092447544
2016-03-30,0.009654972753793997
2016-03-31,-0.011267637177671517
2016-04-01,0.010571327718881345
2016-04-04,-0.0001484106560209473
2016-04-05,-0.0011129903904272128
2016-04-06,-0.0033427765651997425
2016-04-07,-0.01647157746197038
2016-04-08,0.004698356347121602
2016-04-11,-0.014632606926688153
2016-04-12,-0.0034446153816504546
2016-04-13,-0.010062256420786739
2016-04-14,-0.003414047569702139
2016-04-15,-0.000856346704317053
2016-04-18,-0.005298900527187988
2016-04-19,0.013004307694293832
2016-04-20,-0.020261379486126548
2016-04-21,-0.016970570283246018
2016-04-22,-0.012445702818780772
2016-04-25,0.01569224095473438
2016-04-26,-0.009125866322891958
2016-04-27,-0.0028275543194514158
2016-04-28,0.03572869000335451
2016-04-29,0.12812898666696984
2016-05-02,0.02572460732053677
2016-05-03,-0.01088360717639613
2016-05-04,0.00020507388134622322
2016-05-05,-0.0027331322217615567
2016-05-06,0.014936597616335718
2016-05-09,0.004455570494500185
2016-05-10,0.028966957503032926
2016-05-11,-0.017439570186518517
2016-05-12,-0.0017283674865767947
2016-05-13,-0.010388235684121123
2016-05-16,0.014198266714103316
2016-05-17,-0.009421481892906782
2016-05-18,-0.0032150002993247065
2016-05-19,-0.0024190081735823116
2016-05-20,-0.003772094685789693
2016-05-23,0.002907371952875102
2016-05-24,0.012000287317457167
2016-05-25,-0.0038638961967282903
2016-05-26,0.0032100553109451688
2016-05-27,0.003333136762360112
2016-05-31,-0.0033884427974832884
2016-06-01,0.009333343505859374
2016-06-02,0.0070013048078639804
2016-06-03,0.0026235989694762666
2016-06-06,0.0098129011440349
2016-06-07,-0.0034983217160029422
2016-06-08,0.00884160667855269
2016-06-09,-0.0010955884717189794
2016-06-10,-0.009483218136903856
2016-06-13,-0.01797581043682681
2016-06-14,0.01459080008230517
2016-06-15,0.004248931520671331
2016-06-16,0.01425501963068128
2016-06-17,0.0010268248725612726
2016-06-20,0.0012181450269777706
2016-06-21,0.010629441162368556
2016-06-22,-0.005702323390612524
2016-06-23,0.003122348955020192
2016-06-24,-0.025282632801303967
2016-06-27,0.008928539464216031
2016-06-28,-0.0022608014013523856
2016-06-29,0.021947450088801734
2016-06-30,0.01811842173184011
2016-07-01,-0.006097961312403983
2016-07-05,0.007387540104116664
2016-07-06,0.0021750245421029973
2016-07-07,-0.0008680648576162862
2016-07-08,0.0023584260709356092
2016-07-11,-0.003095928064492242
2016-07-12,-0.0013043421086769316
2016-07-13,0.006157062130405988
2016-07-14,0.002039818479074671
2016-07-15,-0.0031459780699264997
2016-07-18,-0.03750000708173971
2016-07-19,0.01176547367494763
2016-07-20,0.004702207465369752
2016-07-21,-0.00031615834031926493
2016-07-22,0.015943315038908897
2016-07-25,-0.00317602399425016
2016-07-26,-0.00905854167366715
2016-07-27,-0.006997908505993358
2016-07-28,0.012253265591513397
2016-07-29,0.007463566100682741
2016-08-01,0.002801497827417845
2016-08-02,-0.01105042597413854
2016-08-03,-0.009604488440461195
2016-08-04,0.00519738900329918
2016-08-05,0.02478090866482823
2016-08-08,-0.021904958266243998
2016-08-09,0.001006541548150317
2016-08-10,0.011186470080302829
2016-08-11,0.00503419144821182
2016-08-12,-0.003277393795732403
2016-08-15,0.001551037182007202
2016-08-16,-0.011212274746952867
2016-08-17,0.0005638161520565703
2016-08-18,0.004508202506607886
2016-08-19,-0.0061086038051763845
2016-08-22,-0.0017560525930107858
2016-08-23,-0.01124586736141753
2016-08-24,-0.0029228318579437545
2016-08-25,0.0034412497368157932
2016-08-26,-0.002667332409578703
2016-08-29,-0.007004623474160613
2016-08-30,-0.013659082160932817
2016-08-31,0.0005201589300931249
2016-09-01,0.0028591265010469904
2016-09-02,-0.003110215437088602
2016-09-06,0.00013002452167266282
2016-09-07,-0.011048341859938957
2016-09-08,-0.00032849967025943124
2016-09-09,-0.03004216905402458
2016-09-12,0.005083022993279746
2016-09-13,-0.029534710055853806
2016-09-14,-0.007087274164651639
2016-09-15,0.02414279023787695
2016-09-16,-0.00027329758282949873
2016-09-19,0.007723334409875255
2016-09-20,-0.002306049658540099
2016-09-21,0.0
2016-09-22,0.012508524720405508
2016-09-23,-0.0030885370372419354
2016-09-26,-0.00592668011881878
2016-09-27,0.001083932255009407
2016-09-28,-0.006293941082595972
2016-09-29,-0.00994341398080981
2016-09-30,0.009905747827712776
2016-10-03,-0.006947758475027466
2016-10-04,-0.0033610885977082773
2016-10-05,-0.00041286946086825296
2016-10-06,0.01032773328742249
2016-10-07,-0.0061333593088373824
2016-10-10,0.0026056811004470997
2016-10-11,-0.02120091893972082
2016-10-12,0.014253778801036333
2016-10-13,0.005648884149862724
2016-10-14,-0.006165212453787169
2016-10-17,-0.005376388191666291
2016-10-18,0.016770710356927197
2016-10-19,0.0052480424067847115
2016-10-20,-0.0059665392419680115
2016-10-21,0.004433541641671826
2016-10-24,0.01942146175232315
2016-10-25,-0.0020649983541304465
2016-10-26,-0.024764720450509595
2016-10-27,-0.019164976097827947
2016-10-28,0.004326553527483589
2016-10-31,0.002918275329496742
2016-11-01,-0.00491888244322889
2016-11-02,0.004595165753681045
2016-11-03,-0.028276399593187097
2016-11-04,-0.035518147345147875
2016-11-07,0.006729274752809147
2016-11-08,-0.0010284046991891037
2016-11-09,-0.025073500943843082
2016-11-10,-0.04223542237709642
2016-11-11,-0.009685888126009547
2016-11-14,-0.025047692817849288
2016-11-15,0.018350869087370755
2016-11-16,0.01057189939207729
2016-11-17,-0.0021398038433028347
2016-11-18,-0.006909719015788138
2016-11-21,0.045825331896049135
2016-11-22,0.03831149720347424
2016-11-23,-0.011489099919365421
2016-11-25,0.0024585782639171857
2016-11-28,0.009810534144391017
2016-11-29,-0.00022084645679571163
2016-11-30,-0.011704920353028
2016-12-01,-0.024804482912884077
2016-12-02,0.018331788456676962
2016-12-05,0.010126030082030587
2016-12-06,-0.011583882041299006
2016-12-07,0.0022538267123215243
2016-12-08,-0.03193168303718176
2016-12-09,0.022996555075767155
2016-12-12,0.005222514474454435
2016-12-13,0.016489711648699733
2016-12-14,-0.021777767605251738
2016-12-15,0.006133585982642868
2016-12-16,0.004741455862084528
2016-12-19,-0.014157327373376053
2016-12-20,-0.007522179721722741
2016-12-21,0.04203027050706385
2016-12-22,-0.0015428630476564751
2016-12-23,0.005960275106203111
2016-12-27,-0.0008777905594738681
2016-12-28,-0.013617372029596623
2016-12-29,0.002671986913660175
2016-12-30,-0.01532308783952755
2017-01-03,0.027063616572166733
2017-01-04,0.010540174189427107
2017-01-05,0.0036940062419454724
2017-01-06,-0.01234032716542713
2017-01-09,-0.02674260049473999
2017-01-10,-0.020270303940290023
2017-01-11,0.011264406401535561
2017-01-12,-0.0200045700054155
2017-01-13,0.03247501023800667
2017-01-17,-0.01280610461286992
2017-01-18,-0.010923977178837684
2017-01-19,-0.002531077143783544
2017-01-20,0.0036908847299643027
2017-01-23,0.0002298813288052615
2017-01-24,0.004365777222207954
2017-01-25,-0.013269229661536593
2017-01-26,-0.010665497050265291
2017-01-27,-0.008671172902792533
2017-01-30,0.0030733113583920773
2017-01-31,0.0040065559208722285
2017-02-01,-0.018309831155761975
2017-02-02,-0.00023907990449939076
2017-02-03,0.01985166202093549
2017-02-06,0.002110697792592831
2017-02-07,0.008191020186471118
2017-02-08,0.013695364735693204
2017-02-09,0.0025189057697233047
2017-02-10,0.005253530119902439
2017-02-13,-0.013406048059293279
2017-02-14,-0.000921167722634422
2017-02-15,-0.000691622712203962
2017-02-16,0.002306857954748449
2017-02-17,0.004142699701154251
2017-02-21,0.008251217087744941
2017-02-22,-0.001136691290063967
2017-02-23,-0.0006827214436606788
2017-02-24,-0.008198601949500567
2017-02-27,-0.03352466383581963
2017-02-28,-0.01544313431984963
2017-03-01,0.01375481934637038
2017-03-02,0.12758868899083411
2017-03-03,0.014144015173105684
2017-03-06,-0.022064974044336563
2017-03-07,-0.005959957046086139
2017-03-08,0.014346855631681591
2017-03-09,-0.007599759731243015
2017-03-10,-0.004041664188317029
2017-03-13,-0.008329760619190062
2017-03-14,-0.0034460445048559133
2017-03-15,0.01772205936269081
2017-03-16,-0.0044595260945463275
2017-03-17,-0.008745730334271791
2017-03-20,0.007101312840301853
2017-03-21,-0.0023504404304445776
2017-03-22,0.009423912065710511
2017-03-23,-0.01209420076185484
2017-03-24,0.008161452796604789
2017-03-27,-0.0008520899446153726
2017-03-28,0.0019189797368818747
2017-03-29,0.005107424030578625
2017-03-30,-0.020537819820126885
2017-03-31,-0.0019455286609034994
2017-04-03,-0.008880222301760495
2017-04-04,0.005681865073585896
2017-04-05,-0.0019556747434301123
2017-04-06,-0.0039190138031742466
2017-04-07,0.002185758997182377
2017-04-10,-0.0006542809224695411
2017-04-11,-0.010039264241300666
2017-04-12,0.0008818543868849768
2017-04-13,-0.011013215488880327
2017-04-17,0.0024498171918969375
2017-04-18,0.006665253564657172
2017-04-19,-0.004634802313065317
2017-04-20,0.014190758891332212
2017-04-21,-0.00765199553945647
2017-04-24,0.0017625431180977847
2017-04-25,-0.0021993025320796986
2017-04-26,-0.005730622165619748
2017-04-27,0.003990252776331728
2017-04-28,0.001987196969939445
2017-05-01,-0.018069627049884858
2017-05-02,0.002692974151403241
2017-05-03,0.005595344635014242
2017-05-04,0.02225684382834966
2017-05-05,0.03309384819647792
2017-05-08,0.021707033988107954
2017-05-09,-0.010107216757348348
2017-05-10,-0.0029173411012511554
2017-05-11,0.0006270134785974351
2017-05-12,-0.005430286767550057
2017-05-15,-0.003359929672425482
2017-05-16,-0.013695695822174982
2017-05-17,-0.00021367519626213464
2017-05-18,0.00021372086310950488
2017-05-19,0.018799342610574674
2017-05-22,0.01362972414754632
2017-05-23,0.022548617069657523
2017-05-24,0.00930607084023202
2017-05-25,0.017438343205618073
2017-05-26,0.0027581404447429136
2017-05-30,-0.003732857283111234
2017-05-31,-0.0029579513683637543
2017-06-01,0.008109173976974953
2017-06-02,0.00588580007603948
2017-06-05,-0.0031207303683158257
2017-06-06,-0.007043643241096925
2017-06-07,0.0019704132831742612
2017-06-08,-0.007276282064650756
2017-06-09,-0.00851823116234386
2017-06-12,0.011788215016615084
2017-06-13,-0.0017772542194439281
2017-06-14,0.00395649388640986
2017-06-15,0.010837423390355604
2017-06-16,-0.019298204259120714
2017-06-19,0.010932204771366494
2017-06-20,-0.000589830494236552
2017-06-21,0.007082368339289654
2017-06-22,-0.006641925409439092
2017-06-23,0.02241894274443058
2017-06-26,-0.009040223226186006
2017-06-27,-0.023680147706972313
2017-06-28,0.014910537005483835
2017-06-29,-0.02233103636994449
2017-06-30,-0.004608285773181661
2017-07-03,0.0008051714026091976
2017-07-05,-0.004223710659976369
2017-07-06,0.01656238209090876
2017-07-07,0.007351458740787654
2017-07-10,-0.0037475826143406584
2017-07-11,-0.010492947869905754
2017-07-12,0.008803494012383036
2017-07-13,0.007735089617395384
2017-07-14,0.016925738484753636
2017-07-17,-0.0025159136447599037
2017-07-18,0.005820706863242735
2017-07-19,0.007523136352247261
2017-07-20,0.0026804401852469012
2017-07-21,0.004009984790014277
2017-07-24,0.002852752110271881
2017-07-25,0.012516591184178838
2017-07-26,0.0033714236230293114
2017-07-27,0.008586878609168633
2017-07-28,-0.011475086912686287
2017-07-31,-0.012357233650958128
2017-08-01,0.007014197760848637
2017-08-02,-0.0015059867839982927
2017-08-03,0.0018853407314293506
2017-08-04,-0.00809183873004606
2017-08-07,0.0030354742969297874
2017-08-08,-0.0045393960396846855
2017-08-09,-0.011400385267745282
2017-08-10,0.009417676147664493
2017-08-11,0.024752460505136513
2017-08-14,0.002415478796959866
2017-08-15,0.0011120956023223055
2017-08-16,0.005554583615645189
2017-08-17,-0.011047731055912531
2017-08-18,0.0063302952594200155
2017-08-21,0.005735455646009639
2017-08-22,0.018763805119778404
2017-08-23,-0.003972575234018723
2017-08-24,-0.003263239769284121
2017-08-25,0.0043652542827401185
2017-08-28,-0.0010865876849803448
2017-08-29,0.00380709001184866
2017-08-30,0.010475019726263602
2017-08-31,-0.002323522186640351
2017-09-01,0.004657867030668881
2017-09-05,0.0048144906250144545
2017-09-06,-0.0003548650152242643
2017-09-07,0.0005325542041849659
2017-09-08,-0.000709739444537849
2017-09-11,0.006036934560195612
2017-09-12,-0.010236463429569048
2017-09-13,0.005349486934118112
2017-09-14,0.003547370683761129
2017-09-15,-0.007069662653481218
2017-09-18,0.008721927040010864
2017-09-19,-0.007234866078340301
2017-09-20,-0.005510088301497516
2017-09-21,-0.0067917973714656694
2017-09-22,0.004318907320223552
2017-09-25,-0.011467536079509745
2017-09-26,0.0005438208263532046
2017-09-27,-0.005797095840604812
2017-09-28,0.010932916589713538
2017-09-29,-0.004145629851010218
2017-10-02,-0.001990961273331448
2017-10-03,0.002357654507693734
2017-10-04,-0.0009046360891340209
2017-10-05,0.003259693973137679
2017-10-06,-0.0005415630535700539
2017-10-09,0.0003612147038015316
2017-10-10,-0.0005415919773864689
2017-10-11,0.006141621185681766
2017-10-12,0.004667833356767126
2017-10-13,-0.0023230388767829587
2017-10-16,0.006985480509719518
2017-10-17,0.005336165609154622
2017-10-18,-0.00406934784808083
2017-10-19,-0.005329529795367146
2017-10-20,0.008394309553782632
2017-10-23,-0.0017711384297311268
2017-10-24,0.008339269262122764
2017-10-25,-0.005806824219990759
2017-10-26,0.004424778761061947
2017-10-27,0.0
2017-10-30,0.001409723895236784
2017-10-31,0.01935594648388698
2017-11-01,-0.002244106118252849
2017-11-02,-0.0060553370024385685
2017-11-03,0.003829371681188523
2017-11-06,-0.002600966116597049
2017-11-07,0.006954063073684339
2017-11-08,0.001381247126792585
2017-11-09,0.011724143192685884
2017-11-10,0.0422631139969095
2017-11-13,0.017004593167463028
2017-11-14,0.006913188101309281
2017-11-15,-0.016445833888361724
2017-11-16,0.006493531425117677
2017-11-17,0.0027419059507308467
2017-11-20,-0.016245751186747016
2017-11-21,0.001798571135153739
2017-11-22,0.0
2017-11-24,0.007834169065613353
2017-11-27,0.00032389405285298585
2017-11-28,0.005180503358471305
2017-11-29,-0.0032211428965686216
2017-11-30,0.012602985732575974
2017-12-01,0.003989149629876354
2017-12-04,0.006834080064992937
2017-12-05,-0.0047355839666373255
2017-12-06,0.003489313614040603
2017-12-07,-0.01533113977690985
2017-12-08,0.014767287237706648
2017-12-11,-0.004429019117172147
2017-12-12,-0.00047662503894852057
2017-12-13,0.009537410198321206
2017-12-14,-0.005983266626683721
2017-12-15,0.013939506624841358
2017-12-18,0.0003123987251843552
2017-12-19,0.0028111870780478856
2017-12-20,-0.002959078712277955
2017-12-21,-0.003280151215036558
2017-12-22,-0.0006268753277928459
2017-12-26,0.0010976900473849164
2017-12-27,0.006109072735174383
2017-12-28,-0.020395533543855357
2017-12-29,0.005880526976312742
2018-01-02,-0.009164193753588522
2018-01-03,0.0065380298739890685
2018-01-04,0.003802308024843156
2018-01-05,0.002051784514882015
2018-01-08,0.008505230533223045
2018-01-09,0.022645706782452035
2018-01-10,-0.02886382265503615
2018-01-11,0.005818508114435158
2018-01-12,-0.002970585200572801
2018-01-16,0.012388224794718503
2018-01-17,0.03887859713675525
2018-01-18,-0.008945854731640852
2018-01-19,0.005867299270140017
2018-01-22,0.013610470003106074
2018-01-23,0.010033943320924638
2018-01-24,-0.002483538006201154
2018-01-25,-0.0070298145301754406
2018-01-26,0.016371689681255613
2018-01-29,-0.008997282159817151
2018-01-30,-0.0057109296298129344
2018-01-31,0.004860115222956409
2018-02-01,-0.004396937373553946
2018-02-02,-0.019137392108310673
2018-02-05,-0.041722931020446156
2018-02-06,0.005638224259276585
2018-02-07,0.005295187231475549
2018-02-08,-0.03965919833091785
2018-02-09,0.014518433405596583
2018-02-12,0.018921966178332035
2018-02-13,-0.01076782805383533
2018-02-14,0.008045466810869727
2018-02-15,0.026760548413760563
2018-02-16,-0.0019813633929071867
2018-02-20,-0.013439291962395988
2018-02-21,0.0065015197966848985
2018-02-22,-0.0013841332288075721
2018-02-23,0.014631094159512274
2018-02-26,-0.0010625333597837551
2018-02-27,-0.02492021653986947
2018-02-28,-0.012466873303538626
2018-03-01,-0.14439005626332427
2018-03-02,-0.0011066280328320053
2018-03-05,0.029172855160748006
2018-03-06,-0.0012558935668013763
2018-03-07,-0.002155540431680942
2018-03-08,0.023042351243457417
2018-03-09,0.021643489400068897
2018-03-12,0.006372699330575179
2018-03-13,0.004449740204950371
2018-03-14,0.0006815627272674684
2018-03-15,-0.009194635105334815
2018-03-16,0.0077333008001293285
2018-03-19,-0.0063096680718942935
2018-03-20,0.007036208069181207
2018-03-21,-0.010224922818689416
2018-03-22,-0.022382971948577253
2018-03-23,-0.016202856441074144
2018-03-26,0.018080886331856533
2018-03-27,-0.010902038746780364
2018-03-28,-0.00017774793836805556
2018-03-29,0.017247464030166495
2018-04-02,-0.027792347107717958
2018-04-03,0.001977716872779432
2018-04-04,0.018661419775163536
2018-04-05,0.011273549136653448
2018-04-06,-0.02577947302159839
2018-04-09,0.005363833996489088
2018-04-10,0.0016005718179010182
2018-04-11,-0.0017755410984187836
2018-04-12,0.005514008393148038
2018-04-13,0.0026534853903772185
2018-04-16,0.005292858776381344
2018-04-17,0.012285025773308032
2018-04-18,-0.003640760807239671
2018-04-19,-0.00278405853512442
2018-04-20,-0.014133682671110735
2018-04-23,0.006548653661677267
2018-04-24,-0.02004570794899883
2018-04-25,-0.023685621849392356
2018-04-26,0.012681467168609128
2018-04-27,0.019782217473197077
2018-04-30,-0.021178121654969007
2018-05-01,0.003636377507990057
2018-05-02,-0.04492752731810407
2018-05-03,-0.0077769316752425
2018-05-04,0.008602503085995934
2018-05-07,0.010424622237588985
2018-05-08,-0.0043143788465847014
2018-05-09,-0.0747927860541342
2018-05-10,0.019344344352119777
2018-05-11,-0.01578108058041006
2018-05-14,-0.006900753996934771
2018-05-15,-0.014919262981470068
2018-05-16,-0.0022821703031204303
2018-05-17,0.009981275539889922
2018-05-18,0.018529988295940086
2018-05-21,0.008894251381680695
2018-05-22,-0.004608285773181661
2018-05-23,0.006642472108097831
2018-05-24,-0.007798428369082995
2018-05-25,0.00080614502999596
2018-05-29,-0.007450643033057662
2018-05-30,0.054169164523269656
2018-05-31,-0.015396444402548358
2018-06-01,0.006645820046950006
2018-06-04,0.005631085738395024
2018-06-05,-0.008302766896589518
2018-06-06,0.035825547716544226
2018-06-07,-0.006954867040951563
2018-06-08,0.050160848369002156
2018-06-11,0.010634465707569624
2018-06-12,0.00196184431871357
2018-06-13,-0.001424026888930384
2018-06-14,-0.0008912520217556067
2018-06-15,0.00677968016570419
2018-06-18,-0.006025166591337156
2018-06-19,-0.003743966551994514
2018-06-20,-0.0060844693287218365
2018-06-21,0.007742173174065718
2018-06-22,0.01590136448521694
2018-06-25,-0.004045014769037057
2018-06-26,-0.006886798204000413
2018-06-27,-0.005512115292302865
2018-06-28,0.015197541024194034
2018-06-29,0.009158162538623978
2018-07-02,0.004886607290092952
2018-07-03,0.0017366875814714105
2018-07-05,-0.0006934971448631278
2018-07-06,0.013879237431154772
2018-07-09,0.0047912833773779435
2018-07-10,0.014475450552637364
2018-07-11,0.011247305473812043
2018-07-12,0.012450198856287427
2018-07-13,0.003607106082168414
2018-07-16,-0.0022871980353280485
2018-07-17,0.01801209234678153
2018-07-18,-0.018336809123759654
2018-07-19,0.001802402302994603
2018-07-20,0.007196637975118241
2018-07-23,-0.00958103499585079
2018-07-24,0.001475654207428333
2018-07-25,0.01702680205718848
2018-07-26,-0.007565959660128399
2018-07-27,-0.016545019181151276
2018-07-30,-0.01517403871738341
2018-07-31,0.005191783253127368
2018-08-01,-0.02082639104409255
2018-08-02,0.009868946942994325
2018-08-03,-0.001516430579642461
2018-08-06,0.0025312441803495705
2018-08-07,0.006396247586117224
2018-08-08,-0.00652281959653149
2018-08-09,0.026599292521382534
2018-08-10,-0.004591649416181786
2018-08-13,-0.004283395930189407
2018-08-14,0.02217075087747822
2018-08-15,-0.0071220238815613655
2018-08-16,0.005379817664436368
2018-08-17,0.008107670096409718
2018-08-20,-0.0012867624049148175
2018-08-21,-0.0037042928276871945
2018-08-22,-0.013740741681727712
2018-08-23,-0.005408916987970979
2018-08-24,-0.0004943767163151483
2018-08-27,-0.0034625374095055084
2018-08-28,0.0057909049763560086
2018-08-29,0.009705546038858329
2018-08-30,-0.009123515209287227
2018-08-31,0.0011509321798003186
2018-09-04,0.0006569373612794629
2018-09-05,0.008534391189220128
2018-09-06,-0.0017900831405343767
2018-09-07,-0.016302575766423612
2018-09-10,-0.009612227868544546
2018-09-11,-0.027945083933236414
2018-09-12,0.0034429465039439006
2018-09-13,0.011151101406287568
2018-09-14,0.010010182666012632
2018-09-17,0.0031917091433290665
2018-09-18,-0.005525817553739196
2018-09-19,-0.0011786444779189468
2018-09-20,0.017869207328797453
2018-09-21,-0.008777783779702817
2018-09-24,-0.025898066442403677
2018-09-25,-0.006346465467010884
2018-09-26,0.006559659349445628
2018-09-27,0.00017146838102773346
2018-09-28,-0.0006858867581731787
2018-10-01,-0.015785830271364532
2018-10-02,-0.0029637723471693696
2018-10-03,-0.00909250691117905
2018-10-04,-0.012352161123339863
2018-10-05,0.003930630716593286
2018-10-08,0.005339082738742247
2018-10-09,0.0010620916411942724
2018-10-10,-0.04686114495020083
2018-10-11,-0.019851570770558918
2018-10-12,0.0087071563227215
2018-10-15,-0.020454121483610116
2018-10-16,0.017241335211255666
2018-10-17,-0.008851175508694565
2018-10-18,-0.015200441208906025
2018-10-19,0.005402252930832616
2018-10-22,-0.0003838122726810872
2018-10-23,0.010558633815500618
2018-10-24,-0.011778095347141804
2018-10-25,0.009419412907682934
2018-10-26,-0.027804211219598203
2018-10-29,0.005288941465206934
2018-10-30,0.03215123802982629
2018-10-31,-0.0022654850635557213
2018-11-01,0.030274405582089617
2018-11-02,-0.006427957463989293
2018-11-05,0.01127542749642328
2018-11-06,0.001462289021996949
2018-11-07,0.020441666602844695
2018-11-08,-0.031658030094693326
2018-11-09,0.049870720232325916
2018-11-12,-0.03676988295174616
2018-11-13,0.018812763092180364
2018-11-14,-0.023126517193630153
2018-11-15,0.014865067602188064
2018-11-16,0.008499118032322558
2018-11-19,0.022772107716324694
2018-11-20,-0.02208979866771834
2018-11-21,0.004481893249750109
2018-11-23,0.023023397173515557
2018-11-26,-0.008722958874075992
2018-11-27,0.01654344652864561
2018-11-28,0.02319944929929702
2018-11-29,-0.005076129353741211
2018-11-30,0.014966004753969215
2018-12-03,0.005361925153952564
2018-12-04,-0.03616663614908854
2018-12-06,0.007608483707028093
2018-12-07,-0.014758891429474483
2018-12-10,-0.00801252544322018
2018-12-11,0.011062353989031222
2018-12-12,-0.0024314553645983913
2018-12-13,-0.06981195016374177
2018-12-14,-0.013849928396783345
2018-12-17,-0.02732963872158914
2018-12-18,-0.00039025283441310974
2018-12-19,-0.034940482754671626
2018-12-20,-0.0046520944301174675
2018-12-21,-0.01991464256185182
2018-12-24,-0.005805489984541104
2018-12-26,0.023983267839079444
2018-12-27,0.006924646907414731
2018-12-28,-0.008090568816592762
2018-12-31,0.003670479237670415
2019-01-02,-0.00934585306301117
2019-01-03,-0.015586512462974707
2019-01-04,0.03729168574015299
2019-01-07,-0.001205088816784974
2019-01-08,0.0623366643344826
2019-01-09,0.00946431918739947
2019-01-10,-0.0013126477989490806
2019-01-11,0.020841168706961552
2019-01-14,-0.004046301459035785
2019-01-15,0.011264945124013938
2019-01-16,-0.017348374312652626
2019-01-17,0.008548579682827887
2019-01-18,0.02413859152830745
2019-01-22,-0.001799249469662382
2019-01-23,-0.0054073402944454
2019-01-24,0.0032620569804327738
2019-01-25,0.008851117383801264
2019-01-28,-0.005192428088685669
2019-01-29,-0.0014399177299723078
2019-01-30,0.01333817023382348
2019-01-31,0.018143017353547383
2019-02-01,0.01240389698904834
2019-02-04,0.003968930788753654
2019-02-05,-0.009797175865148814
2019-02-06,-0.004339524342151789
2019-02-07,0.0012203572886919764
2019-02-08,0.008009735017034288
2019-02-11,0.0019001660305982347
2019-02-12,0.015344817062904095
2019-02-13,0.007131974664554084
2019-02-14,-0.011465187817075397
2019-02-15,0.0015350528901292384
2019-02-19,-0.008344715059270728
2019-02-20,0.008071461864982775
2019-02-21,0.0030664446820488863
2019-02-22,-0.0074728674154953545
2019-02-25,0.0017111959474389014
2019-02-26,0.0034164803520938154
2019-02-27,0.0
2019-02-28,0.08665304744881899
2019-03-01,0.014256556581706235
2019-03-04,0.004324973564041015
2019-03-05,-0.03691168617489572
2019-03-06,-0.014052974583650032
2019-03-07,-0.0024295678944113576
2019-03-08,-0.01591166650119176
2019-03-11,0.009569345166090697
2019-03-12,-0.015688823435495613
2019-03-13,-0.007637374862506542
2019-03-14,-0.0016731184214901545
2019-03-15,0.010055342839454365
2019-03-18,0.005475327921868519
2019-03-19,-0.04422442859169808
2019-03-20,-0.024516543747176187
2019-03-21,-0.04070795109841676
2019-03-22,-0.01273067217146712
2019-03-25,0.019435637229478893
2019-03-26,0.019615026760573723
2019-03-27,-0.013304528550526804
2019-03-28,-0.007653097220630255
2019-03-29,0.002203502544976094
2019-04-01,-0.02381830355707578
2019-04-02,0.0009384957376771243
2019-04-03,-0.013875898238501189
2019-04-04,0.005324182895692511
2019-04-05,0.00018918359055302865
2019-04-08,0.0035930148046753123
2019-04-09,0.030525700795185042
2019-04-10,0.005119813512984723
2019-04-11,-0.0040022051267531505
2019-04-12,-0.031598165155001426
2019-04-15,0.019803833044041333
2019-04-16,0.0024043105021078546
2019-04-17,0.012730601789599743
2019-04-18,0.005647684036037318
2019-04-22,-0.0041666583162576105
2019-04-23,0.022921562553261415
2019-04-24,0.010492622397137328
2019-04-25,0.01900742409108224
2019-04-26,0.03022452424665002
2019-04-29,-0.016093929163663617
2019-04-30,0.015505194559639696
2019-05-01,-0.02785234714616474
2019-05-02,0.0008630143759575835
2019-05-03,0.08829106369531206
2019-05-06,-0.007764247721880465
2019-05-07,-0.01628873323477988
2019-05-08,0.001298731055785614
2019-05-09,0.0038910159303191865
2019-05-10,0.01744189055219223
2019-05-13,-0.010476188054160467
2019-05-14,0.00016038372647947562
2019-05-15,0.011547734375678739
2019-05-16,0.01363565267976587
2019-05-17,-0.004692620610487607
2019-05-20,-0.0003143243348725014
2019-05-21,0.0020437205921686264
2019-05-22,0.004079044786423939
2019-05-23,-0.012031257152557373
2019-05-24,0.003004881038818753
2019-05-28,-0.018133045480672322
2019-05-29,-0.008190173959873207
2019-05-30,0.008419696759971718
2019-05-31,-0.006743708689424836
2019-06-03,0.015357270507050097
2019-06-04,0.0009552230103797297
2019-06-05,0.01845076931954282
2019-06-06,-0.0029673376593975127
2019-06-07,0.03258142248411484
2019-06-10,-0.00257885578985647
2019-06-11,-0.019011406844106463
2019-06-12,-0.006511599518531977
2019-06-13,-0.0543071669396723
2019-06-14,0.012046260318724888
2019-06-17,0.009620028049499879
2019-06-18,0.0032299865770952065
2019-06-19,0.003863517105497076
2019-06-20,0.018601665106776043
2019-06-21,0.004093172538720048
2019-06-24,-0.003449316560308104
2019-06-25,-0.0036186207877109615
2019-06-26,0.004263329153008328
2019-06-27,-0.00047167893107861526
2019-06-28,0.004090013174117378
2019-07-01,0.014726535877277553
2019-07-02,-0.0018526342968453035
2019-07-03,0.020108204047650378
2019-07-05,-0.00045487157975789076
2019-07-08,0.0012136200436421748
2019-07-09,-0.018787846420750473
2019-07-10,0.004169188297715553
2019-07-11,-0.0035367635223189416
2019-07-12,0.003086372512705649
2019-07-15,0.004000032865084134
2019-07-16,0.008121341739929778
2019-07-17,-0.0007600402958196508
2019-07-18,-0.01171275734845688
2019-07-19,-0.02631988405481233
2019-07-22,0.004268107254624537
2019-07-23,0.008972134515607294
2019-07-24,0.009984390091784832
2019-07-25,-0.008958823305503051
2019-07-26,0.0162093707414639
2019-07-29,0.002914148010728895
2019-07-30,0.0018351850084437878
2019-07-31,-0.015875452321992348
2019-08-01,-0.01566623417258644
2019-08-02,-0.016861010246784346
2019-08-05,-0.054976764525259424
2019-08-06,0.020692015597815996
2019-08-07,0.003489516174937528
2019-08-08,0.029640684444752142
2019-08-09,-0.04744291972436512
2019-08-12,-0.046429174763693896
2019-08-13,0.027620421139069422
2019-08-14,-0.03325293374796367
2019-08-15,0.014970596033693885
2019-08-16,0.004038622285427636
2019-08-19,0.010842933343402675
2019-08-20,0.000692057371199682
2019-08-21,0.0032849001764825103
2019-08-22,-0.015164523038589513
2019-08-23,-0.018722653827746565
2019-08-26,0.010164045581549491
2019-08-27,-0.001412212337154854
2019-08-28,0.026692631153905133
2019-08-29,-0.008092307263871692
2019-08-30,0.01839954083255618
2019-09-03,-0.017555800433654435
2019-09-04,0.007286641014746545
2019-09-05,0.012228712843249652
2019-09-06,-0.02722481327813219
2019-09-09,0.0010495255415909443
2019-09-10,0.00926085590662517
2019-09-11,-0.015408577138352192
2019-09-12,0.01019873117545468
2019-09-13,0.02454307795800221
2019-09-16,0.00628608440448597
2019-09-17,-0.02093530091765915
2019-09-18,0.006380391811958783
2019-09-19,0.007368065467420682
2019-09-20,-0.00748430744266307
2019-09-23,0.013196237838895165
2019-09-24,-0.005243531194087374
2019-09-25,-0.007481762134528367
2019-09-26,-0.010279227087553414
2019-09-27,0.0006924167424334519
2019-09-30,0.004324511227489839
2019-10-01,-0.02824669592757095
2019-10-02,-0.02304146187966543
2019-10-03,0.009071117737463698
2019-10-04,0.017260030881079177
2019-10-07,-0.01502301628332264
2019-10-08,0.002691575939548034
2019-10-09,0.007158155038223088
2019-10-10,-0.002842925566497468
2019-10-11,0.0032074181860597554
2019-10-14,0.00444049739587621
2019-10-15,-0.0045976715303439105
2019-10-16,0.00408597510206975
2019-10-17,0.0007077302760681271
2019-10-18,-0.008840169516617303
2019-10-21,0.004102738790618512
2019-10-22,-0.006217841235135116
2019-10-23,0.004647875270170792
2019-10-24,0.007295370851355572
2019-10-25,-0.004592865808641687
2019-10-28,-0.006743518433145719
2019-10-29,0.0032160139583702514
2019-10-30,0.0
2019-10-31,-0.00035619692288795196
2019-11-01,0.002137875104244943
2019-11-04,-0.0028444417317708332
2019-11-05,0.006774845196674542
2019-11-06,-0.008500080252527955
2019-11-07,0.011609174704340532
2019-11-08,0.026836166563262147
2019-11-11,-0.0022352315759336942
2019-11-12,0.006376059871881914
2019-11-13,0.009417794909077607
2019-11-14,-0.0003392783291742672
2019-11-15,-0.004921108332352633
2019-11-18,0.006650740001837092
2019-11-19,-0.007962009414282724
2019-11-20,-0.00956286475680361
2019-11-21,0.006896578032394935
2019-11-22,0.00393834822306311
2019-11-25,0.0005116626087388772
2019-11-26,0.01670643615386171
2019-11-27,0.007545284499408607
2019-11-29,-0.004493267716392971
2019-12-02,-0.00016714011341040187
2019-12-03,-0.013710076508883028
2019-12-04,0.02373279659852398
2019-12-05,-0.007782765779985896
2019-12-06,0.00200271612565277
2019-12-09,0.007495015924010012
2019-12-10,0.016862235324247053
2019-12-11,0.014956950231626118
2019-12-12,-0.003043386605481603
2019-12-13,-0.00048204680567225366
2019-12-16,0.00450092586585535
2019-12-17,0.004480697259980372
2019-12-18,0.0014338083787087022
2019-12-19,0.009704113974365915
2019-12-20,0.007089915544154804
2019-12-23,-0.008760913245235627
2019-12-24,0.001736120727460835
2019-12-26,0.006459742232971196
2019-12-27,-0.004852870508885264
2019-12-30,-0.003303430635217607
2019-12-31,0.0029987156704342423
2020-01-02,0.002360370223127078
2020-01-03,-0.006593437654822361
2020-01-06,0.0015803143291317006
2020-01-07,0.004891094246915395
2020-01-08,0.0020411535707070536
2020-01-09,0.006737704594671976
2020-01-10,0.0169649235469358
2020-01-13,0.0029079040718596994
2020-01-14,0.0007630558933202688
2020-01-15,0.004574495486232538
2020-01-16,0.018518537819760296
2020-01-17,0.0031296436549644335
2020-01-21,-0.007279718935407555
2020-01-22,0.010026910685502585
2020-01-23,0.004148744823819086
2020-01-24,-0.009886353875359981
2020-01-27,-0.007451564998065363
2020-01-28,0.004204185971650956
2020-01-29,-0.0049341240312818875
2020-01-30,0.00691208209434494
2020-01-31,-0.006118544232782486
2020-02-03,0.01231230801218183
2020-02-04,0.021655282173311512
2020-02-05,0.0010162557725820064
2020-02-06,0.007251631938074321
2020-02-07,-0.007775281639468524
2020-02-10,0.003772957379465316
2020-02-11,-0.0002890941679305115
2020-02-12,0.0014461094998482395
2020-02-13,0.0063538258686823106
2020-02-14,0.002439348012482035
2020-02-18,-0.0037217597188503706
2020-02-19,0.006896600107140379
2020-02-20,0.004566205571678748
2020-02-21,-0.009375051815400302
2020-02-24,-0.02222534370292139
2020-02-25,-0.023023898498511938
2020-02-26,-0.01110785744003934
2020-02-27,-0.03248323716103593
2020-02-28,-0.02086604637639977
2020-03-02,0.03781440156103696
2020-03-03,-0.015284821909520819
2020-03-04,0.06694895506719561
2020-03-05,-0.013519555577978463
2020-03-06,-0.014002604654715046
2020-03-09,-0.06541776206894326
2020-03-10,0.06902677984053998
2020-03-11,-0.06532581369347738
2020-03-12,-0.07150949499173646
2020-03-13,0.08712319312033066
2020-03-16,-0.07933965076718277
2020-03-17,0.04004183681662443
2020-03-18,-0.06444596887592803
2020-03-19,-0.028090887671668206
2020-03-20,-0.04086894759159312
2020-03-23,-0.021689007418671163
2020-03-24,0.05414946547837515
2020-03-25,-0.00130280467933362
2020-03-26,0.07789788142120863
2020-03-27,-0.02506916941760376
2020-03-30,0.028551172686253155
2020-03-31,-0.030000028939082705
2020-04-01,-0.056167791355987956
2020-04-02,0.03691154341793724
2020-04-03,-0.015256086662492624
2020-04-06,0.07100697874294823
2020-04-07,0.0058550052415136285
2020-04-08,0.0316726327504529
2020-04-09,0.004148689129828028
2020-04-13,-0.016195663021322273
2020-04-14,0.08197555825433092
2020-04-15,-0.03291418453728749
2020-04-16,-0.006742687068060102
2020-04-17,0.005172130278788587
2020-04-20,-0.01302456305644421
2020-04-21,-0.038123168977972514
2020-04-22,0.01829264904488485
2020-04-23,-0.00815033054682341
2020-04-24,0.002850883211474773
2020-04-27,0.012040154345970465
2020-04-28,-0.006278933662276382
2020-04-29,0.033255736952073345
2020-04-30,-0.0053105571226058695
2020-05-01,-0.037049035182789784
2020-05-04,-0.005208356366041991
2020-05-05,0.024320257788753775
2020-05-06,0.010717192000469966
2020-05-07,0.012887453921039002
2020-05-08,0.05942983761701902
2020-05-11,0.009425399180414192
2020-05-12,-0.0031626367416695113
2020-05-13,-0.015410246787101747
2020-05-14,-0.002762011818830381
2020-05-15,0.015694788521135913
2020-05-18,0.0092410330345491
2020-05-19,0.007955550246867362
2020-05-20,0.033656025091220405
2020-05-21,-0.015127546410590447
2020-05-22,0.005119930822061673
2020-05-26,0.004366221157840305
2020-05-27,0.023040085330701243
2020-05-28,0.003824423205333487
2020-05-29,0.014674768946266221
2020-06-01,0.009456162441270323
2020-06-02,-0.007025685804721964
2020-06-03,0.0059655978669873105
2020-06-04,-0.021928063997266004
2020-06-05,0.018471590832075214
2020-06-08,-0.02533575724773962
2020-06-09,0.0004261190148674572
2020-06-10,0.00014201528023752842
2020-06-11,-0.03747869531725889
2020-06-12,0.007374630936495759
2020-06-15,0.007320643889592501
2020-06-16,0.010174373796402075
2020-06-17,0.0005755527414006295
2020-06-18,0.002444609817474912
2020-06-19,0.00530774281224236
2020-06-22,0.002711113114262591
2020-06-23,-0.001280722103172393
2020-06-24,-0.030065554305732167
2020-06-25,0.014543820599499825
2020-06-26,-0.016796931273138964
2020-06-29,0.01782031012195907
2020-06-30,0.0030386207874117973
2020-07-01,-0.0041835100519914846
2020-07-02,0.0033319333768056674
2020-07-06,0.029598546912127686
2020-07-07,0.005469070298705089
2020-07-08,0.0008368924761823488
2020-07-09,-0.009894078363107923
2020-07-10,0.008444735374381514
2020-07-13,-0.015352385913401422
2020-07-14,0.015308209141647192
2020-07-15,0.00781802609885706
2020-07-16,0.0059565076968212515
2020-07-17,0.022032476089329258
2020-07-20,-0.004715689414775491
2020-07-21,0.015297105880644545
2020-07-22,0.009733378092447917
2020-07-23,-0.010563885069266497
2020-07-24,-0.0006673301955713264
2020-07-27,0.02069982783936415
2020-07-28,-0.003140100259207755
2020-07-29,0.014700027317216976
2020-07-30,0.006596845845764448
2020-07-31,0.008481157346409906
2020-08-03,-0.008155033023280637
2020-08-04,0.002184041705267772
2020-08-05,0.06524799639156348
2020-08-06,0.004933858840407294
2020-08-07,-0.0038318726696019113
2020-08-10,-0.014304632846289578
2020-08-11,-0.017073189339986663
2020-08-12,0.02543428152068792
2020-08-13,0.01415605743913954
2020-08-14,-0.005965163467196653
2020-08-17,0.0015602166813983328
2020-08-18,-0.005632038448127155
2020-08-19,-0.0037359023312497617
2020-08-20,0.004112785470132955
2020-08-21,-0.0033730727875101087
2020-08-24,0.011604001517210126
2020-08-25,0.003345665803904237
2020-08-26,0.0
2020-08-27,-0.007502737568820826
2020-08-28,0.014398903652112776
2020-08-31,-0.008043533212818864
2020-09-01,0.011686092540024298
2020-09-02,0.019919878764203498
2020-09-03,-0.044262127413447414
2020-09-04,-0.005199520206087759
2020-09-08,-0.02637654378861819
2020-09-09,0.032958794506111944
2020-09-10,-0.011602599821833254
2020-09-11,-0.005380318512766222
2020-09-14,0.01905585347359764
2020-09-15,0.0030160453835305586
2020-09-16,-0.01527539875378602
2020-09-17,-0.014168848457230614
2020-09-18,-0.021310881429981658
2020-09-21,-0.007722504454343737
2020-09-22,0.01084468146595346
2020-09-23,-0.018174963781321513
2020-09-24,0.0026995639799605553
2020-09-25,0.010128216865735177
2020-09-28,0.0218301967345727
2020-09-29,-0.00894300337347918
2020-09-30,0.0051384387518544
2020-10-01,0.015960180266808118
2020-10-02,-0.023686797074874526
2020-10-05,-0.011062285971754649
2020-10-06,-0.013219790768189953
2020-10-07,0.014556291675802514
2020-10-08,0.005205637653560208
2020-10-09,0.02248324896381121
2020-10-12,0.02260657072321762
2020-10-13,0.00857694002105042
2020-10-14,-0.00826440088233781
2020-10-15,-0.017029029107981913
2020-10-16,-0.007740474974104678
2020-10-19,-0.009286775385850762
2020-10-20,0.0023746382569546825
2020-10-21,-0.0013715787348789104
2020-10-22,0.005868413562166279
2020-10-23,-0.0021102057360623382
2020-10-26,-0.019156623052862528
2020-10-27,0.01953076658628952
2020-10-28,-0.03756682007706647
2020-10-29,0.002197210325843274
2020-10-30,-0.012509688022313175
2020-11-02,0.01763090609248556
2020-11-03,0.020533861803384467
2020-11-04,0.04024150795680066
2020-11-05,0.011605404621686443
2020-11-06,-0.005019098558957997
2020-11-09,-0.022940230760314137
2020-11-10,0.0028273308082084597
2020-11-11,0.03579306329255033
2020-11-12,-0.01822486290564904
2020-11-13,0.01277721275664944
2020-11-16,-0.005236786831602766
2020-11-17,0.02345057479700133
2020-11-18,-0.015431373400705804
2020-11-19,-0.005818070015048623
2020-11-20,-0.0025081417108267327
2020-11-23,0.0065852858460749494
2020-11-24,0.0014274146189799408
2020-11-25,-0.0013065756878688733
2020-11-27,0.0008325367899595428
2020-11-30,0.007486598241168466
2020-12-01,0.02241096429860864
2020-12-02,-0.004845387257344459
2020-12-03,0.003014079531615685
2020-12-04,0.010633446995326158
2020-12-07,-0.0030878804314063003
2020-12-08,0.01181597798477202
2020-12-09,-0.0034013087612613587
2020-12-10,0.0014789220837464476
2020-12-11,-0.00011362190581810026
2020-12-14,0.004544439231246159
2020-12-15,0.0018095868064106244
2020-12-16,0.013772874186997507
2020-12-17,0.003786150627352007
2020-12-18,-0.00011096223982909614
2020-12-21,-0.012870254832620153
2020-12-22,-0.007867871957203358
2020-12-23,0.007590413773879673
2020-12-24,0.009781820253048155
2020-12-28,0.011134617828572826
2020-12-29,0.0025327977438297762
2020-12-30,0.004613336607224041
2020-12-31,0.011152463182498606
2021-01-04,-0.02032877178384692
2021-01-05,0.00905076941097789
2021-01-06,-0.007875751860906338
2021-01-07,0.030871037993040175
2021-01-08,0.015935806029620653
2021-01-11,-0.021581171370308842
2021-01-12,0.01129756181172093
2021-01-13,-0.022555539582629333
2021-01-14,-0.005551345607741838
2021-01-15,0.0031742656916585567
2021-01-19,-0.017130383728154147
2021-01-20,-0.005217597814713789
2021-01-21,-0.004575423047837947
2021-01-22,-0.011210762715387138
2021-01-25,0.0029478701272863317
2021-01-26,0.00384358999326326
2021-01-27,-0.032319849639072945
2021-01-28,0.03258469733287271
2021-01-29,-0.02141329261800862
2021-02-01,0.016353773338715412
2021-02-02,0.024815891687322945
2021-02-03,-0.0003316981256862574
2021-02-04,0.011724339294966676
2021-02-05,-0.004045072063454675
2021-02-08,-0.002414942089879629
2021-02-09,-0.004071249211812499
2021-02-10,-0.0006629674795274546
2021-02-11,-0.005638413753930467
2021-02-12,0.019902166632622523
2021-02-16,0.004905668066872185
2021-02-17,-0.00021693038620312812
2021-02-18,0.005316816886922377
2021-02-19,-0.032379923913568885
2021-02-22,-0.005354192401157217
2021-02-23,-0.009532337014414312
2021-02-24,-0.0009058178366295422
2021-02-25,-0.03275158045799367
2021-02-26,0.028002336641788077
2021-03-01,-0.0021654298682194668
2021-03-02,-0.007652835807941088
2021-03-03,-0.02624308070183758
2021-03-04,0.0009456481382698823
2021-03-05,0.020547919904331646
2021-03-08,-0.01481137244176473
2021-03-09,0.03875972604433723
2021-03-10,0.010854806173356678
2021-03-11,-0.0005593182427780826
2021-03-12,-0.004588651815518419
2021-03-15,0.004160052923668999
2021-03-16,0.0008957768809947685
2021-03-17,-0.008837687894858937
2021-03-18,-0.007674947143192113
2021-03-19,0.0
2021-03-22,0.012852649071273923
2021-03-23,0.006400894725325528
2021-03-24,-0.010042417968049337
2021-03-25,0.0007889956476678235
2021-03-26,0.032210841095412286
2021-03-29,0.0029459535032322743
2021-03-30,-0.013381154830729861
2021-03-31,0.004410562197777052
2021-04-01,0.002964148461038241
2021-04-05,0.022767095196571316
2021-04-06,0.0031036056073435532
2021-04-07,0.005334471162835107
2021-04-08,0.011355191093129538
2021-04-09,-0.0001049542068223917
2021-04-12,0.0013642276437084797
2021-04-13,0.004925605006520406
2021-04-14,-0.011367153455298621
2021-04-15,0.01213073691418042
2021-04-16,0.023137064005334454
2021-04-19,-0.003157762701189632
2021-04-20,-0.004700583298627099
2021-04-21,0.0060574571729741155
2021-04-22,-0.004898415532229891
2021-04-23,0.011998750316000579
2021-04-26,-0.015606008418775515
2021-04-27,-0.001235358733127799
2021-04-28,-0.005668887254105951
2021-04-29,0.015237910252950765
2021-04-30,-0.009087189784183332
2021-05-03,0.005770196197676544
2021-05-04,-0.017108883910489484
2021-05-05,-0.015530596781817453
2021-05-06,0.006034936085139038
2021-05-07,-0.039675823787155465
2021-05-10,0.003835599716395548
2021-05-11,-0.0006549951920654295
2021-05-12,-0.01911732556803109
2021-05-13,-0.003563867820040097
2021-05-14,0.029842384402778817
2021-05-17,-0.00857391926156337
2021-05-18,-0.005911340170195217
2021-05-19,-0.0008808964190153317
2021-05-20,0.019508393889320217
2021-05-21,-0.005297274202913852
2021-05-24,0.013259441282229133
2021-05-25,-0.002145281244611735
2021-05-26,0.004084756398997903
2021-05-27,-0.0010706144908994501
2021-05-28,0.010288276814816413
2021-06-01,-0.007213326926810658
2021-06-02,0.013249337981457285
2021-06-03,0.002319953774703815
2021-06-04,0.003366645813256508
2021-06-07,-0.011219457523425168
2021-06-08,-0.0014846170213970934
2021-06-09,-0.009770664428192459
2021-06-10,0.0056842427224338
2021-06-11,-0.0028793500344693732
2021-06-14,-0.0010695023970170455
2021-06-15,-0.012955022106047766
2021-06-16,-0.00726766222580028
2021-06-17,0.011472935863982696
2021-06-18,-0.008750108688171884
2021-06-21,0.003051425161054137
2021-06-22,-0.0028248819387680585
2021-06-23,-0.01601657485568324
2021-06-24,-0.001882384824947166
2021-06-25,0.021965868319730374
2021-06-28,-0.007164607494910907
2021-06-29,0.001093357480014131
2021-06-30,-0.0022935680436018745
2021-07-01,-0.002189348128985962
2021-07-02,-0.0031815788334902876
2021-07-06,-0.002751485783850169
2021-07-07,0.0025383040060678146
2021-07-08,-0.011008366802221965
2021-07-09,0.00445237691656275
2021-07-12,0.010305854689621698
2021-07-13,0.009323225745227925
2021-07-14,0.010649895595355206
2021-07-15,0.006666696199806788
2021-07-16,-0.00587484549906075
2021-07-19,-0.0088105694371225
2021-07-20,0.015826548341167007
2021-07-21,-0.00384164565007677
2021-07-22,0.00021429322750854865
2021-07-23,0.03127340776534575
2021-07-26,-0.003011744862083383
2021-07-27,-0.00854166348775228
2021-07-28,-0.011872213172881453
2021-07-29,0.0056352872099877
2021-07-30,-0.002749018092586871
2021-08-02,-0.010178107374668873
2021-08-03,-0.0034275888253233137
2021-08-04,-0.011070494079552181
2021-08-05,-0.0006521594021858326
2021-08-06,0.054594936803387305
2021-08-09,0.015468701465580157
2021-08-10,0.0032497175876640434
2021-08-11,-0.000708570646578631
2021-08-12,-0.011142610013363806
2021-08-13,0.0051219011056369435
2021-08-16,0.003057433896919978
2021-08-17,-0.009144498502570444
2021-08-18,-0.017022109206900473
2021-08-19,0.013770078097429899
2021-08-20,-0.004527705701013623
2021-08-23,0.00010339194181659879
2021-08-24,-0.0012403384659641474
2021-08-25,0.005174376634708164
2021-08-26,-0.002985698792626484
2021-08-27,0.005059949521831382
2021-08-30,0.004931631752891966
2021-08-31,-0.0024537150573565743
2021-09-01,0.002357316364179457
2021-09-02,-0.0020450365173390857
2021-09-03,-0.0002048836411786258
2021-09-07,-0.02459521911092145
2021-09-08,0.017440597051821768
2021-09-09,-0.005059870738324363
2021-09-10,-0.004462898930831599
2021-09-13,-0.005525425244101655
2021-09-14,-0.004507813271067535
2021-09-15,0.0018955381940943376
2021-09-16,0.007777988948043294
2021-09-17,-0.012932810797773853
2021-09-20,-0.01954774393546164
2021-09-21,-0.01066923002480396
2021-09-22,0.00838776271752708
2021-09-23,0.0056173343932232975
2021-09-24,-0.0037597860982902746
2021-09-27,-0.010243659371630416
2021-09-28,-0.02494826116882589
2021-09-29,-0.0018994208820705307
2021-09-30,-0.005597223662276697
2021-10-01,0.01182027919306207
2021-10-04,-0.015353774984294294
2021-10-05,0.011864441262800141
2021-10-06,0.006141768884646456
2021-10-07,-0.00033294983135312016
2021-10-08,-0.008882014593853538
2021-10-11,-0.013666334011264361
2021-10-12,-0.001249297064611135
2021-10-13,-0.02967933293031901
2021-10-14,0.0031641466925194026
2021-10-15,-0.00023360564746331987
2021-10-18,-0.0017527637610364566
2021-10-19,-0.005033364200394714
2021-10-20,-0.000823525821461397
2021-10-21,0.003767805176903048
2021-10-22,-0.006099667367347874
2021-10-25,-0.0041308401941303995
2021-10-26,0.014221434186976231
2021-10-27,-0.008179534501747415
2021-10-28,0.00023567711013482582
2021-10-29,0.0011778383077014737
2021-11-01,0.005411753934972427
2021-11-02,0.005031597352941098
2021-11-03,0.016649206139686228
2021-11-04,0.005267969377923877
2021-11-05,0.04385963234974578
2021-11-08,-0.00873071533714839
2021-11-09,0.010238911003278381
2021-11-10,0.0023975720965710378
2021-11-11,0.0031527862094924827
2021-11-12,-0.002275919498350134
2021-11-15,0.01021075892173431
2021-11-16,-0.007204281386508736
2021-11-17,-0.010072568902115853
2021-11-18,-0.021991270269961196
2021-11-19,-0.0010067830686331426
2021-11-22,0.008846509060866847
2021-11-23,-0.01631694584374552
2021-11-24,0.0053034707373299066
2021-11-26,-0.02289811841944356
2021-11-29,-0.0022975826608277188
2021-11-30,-0.035348298776758116
2021-12-01,-0.03246599737806719
2021-12-02,0.023439447114533912
2021-12-03,0.008919935775505983
2021-12-06,0.024014363315609195
2021-12-07,0.031034928135838295
2021-12-08,0.006336964367870969
2021-12-09,-0.007084192637535643
2021-12-10,0.014156284901454666
2021-12-13,0.0025683497454057074
2021-12-14,0.006571663792684415
2021-12-15,0.009295079255958032
2021-12-16,0.004495161344422959
2021-12-17,0.0
2021-12-20,0.000218256302848149
2021-12-21,0.012549121928615042
2021-12-22,0.007436172374159186
2021-12-23,0.0038510159181581786
2021-12-27,0.010230250973268174
2021-12-28,-0.0010549166697919284
2021-12-29,0.011510073943095188
2021-12-30,-0.004175817121367904
2021-12-31,0.006814147500135568
2022-01-03,0.005206164048663207
2022-01-04,0.012430049066315908
2022-01-05,-0.01729071873284918
2022-01-06,-0.005518025943276704
2022-01-07,-0.015284748071425257
2022-01-10,-0.014139849417194057
2022-01-11,0.019950376438574408
2022-01-12,-0.006343819650086837
2022-01-13,0.00414981246773561
2022-01-14,-0.04726077095122467
2022-01-18,-0.03570244225470959
2022-01-19,0.00034609469143717913
2022-01-20,-0.0041508197442354
2022-01-21,-0.008683570408126218
2022-01-24,0.029432335461668797
2022-01-25,-0.02053548412897226
2022-01-26,-0.02015528155054604
2022-01-27,-0.01678683331860187
2022-01-28,0.025730424873899874
2022-01-31,0.016528000263286113
2022-02-01,-0.002882841287833333
2022-02-02,0.008557856520445576
2022-02-03,-0.012957198317631443
2022-02-04,-0.02079461985886684
2022-02-07,0.002965950851638283
2022-02-08,0.0021291732106276905
2022-02-09,0.018531629747433904
2022-02-10,-0.028508506876490192
2022-02-11,-0.012286756015736047
2022-02-14,-0.002777818218072045
2022-02-15,0.0025432855183336006
2022-02-16,0.005315323120254669
2022-02-17,-0.012977671415678965
2022-02-18,-0.010591706270351785
2022-02-22,0.004675832392136814
2022-02-23,-0.027434143562870182
2022-02-24,0.011837234210583962
2022-02-25,0.05252024020961608
2022-02-28,-0.002010147446597621
2022-03-01,-0.01386253729612274
2022-03-02,0.006247706621329689
2022-03-03,-0.004776137622434702
2022-03-04,-0.024355114774563057
2022-03-07,-0.07771765517144325
2022-03-08,-0.033466695149739586
2022-03-09,0.057801111393057596
2022-03-10,-0.01682317306198903
2022-03-11,-0.02878363425538465
2022-03-14,0.0001366038795918597
2022-03-15,0.025262848413428775
2022-03-16,0.028103363863782184
2022-03-17,0.01412095224013012
2022-03-18,0.029509422516811372
2022-03-21,-0.0197294504298552
2022-03-22,0.02911396268047864
2022-03-23,-0.03997539825344116
2022-03-24,0.0065342022664335005
2022-03-25,0.0017820696792158039
2022-03-28,0.01677255077522213
2022-03-29,0.031992068175250306
2022-03-30,-0.03051591446578626
2022-03-31,-0.0019984516312000506
2022-04-01,0.028160199712527475
2022-04-04,0.005477747290125483
2022-04-05,-0.008474539481517053
2022-04-06,-0.013186835298329348
2022-04-07,0.011878236675298273
2022-04-08,-0.0019564200917467824
2022-04-11,0.006738488162894765
2022-04-12,0.006328395814148428
2022-04-13,0.015963232021423197
2022-04-14,-0.016902818262486945
2022-04-18,-0.001816126687676832
2022-04-19,0.01649685310621109
2022-04-20,0.018496364748411164
2022-04-21,0.017926172309900915
2022-04-22,-0.014157409834525207
2022-04-25,0.012025671464648646
2022-04-26,-0.004845387257344459
2022-04-27,0.005680475905804841
2022-04-28,0.012218992029899135
2022-04-29,-0.02425688774215791
2022-05-02,-0.010854345259842413
2022-05-03,-0.00979353192984882
2022-05-04,0.032531022598899846
2022-05-05,-0.04166186435984538
2022-05-06,0.043713839275009075
2022-05-09,-0.035767838232536764
2022-05-10,0.0068206257856372925
2022-05-11,0.00915146515386913
2022-05-12,0.00906838546528073
2022-05-13,0.037464975175528166
2022-05-16,0.002474982812619357
2022-05-17,0.0013466810207617818
2022-05-18,-0.029250257897124165
2022-05-19,0.001616247808927272
2022-05-20,0.010027605990850882
2022-05-23,-0.0066186719141718775
2022-05-24,0.005054506566187121
2022-05-25,0.0027432335012486167
2022-05-26,0.011398608933496259
2022-05-27,0.010593877791601201
2022-05-31,-0.006133550056809935
2022-06-01,-0.0120062798681327
2022-06-02,0.02600787287635529
2022-06-03,-0.0167145734784872
2022-06-06,0.028481354577799812
2022-06-07,-0.005582335079063943
2022-06-08,-0.006714371167824764
2022-06-09,-0.010416609422251743
2022-06-10,-0.02530797378495702
2022-06-13,-0.02929690975339718
2022-06-14,0.04225351858311602
2022-06-15,-0.0021575609502521185
2022-06-16,0.00022757075727056444
2022-06-17,0.0026169457108982893
2022-06-21,0.03086692585712721
2022-06-22,-0.0011008198827875007
2022-06-23,0.01586954458130102
2022-06-24,0.026036032956534384
2022-06-27,-0.003912061106141187
2022-06-28,-0.0360896036399525
2022-06-29,0.027970498665507038
2022-06-30,-0.006963058773472852
2022-07-01,0.020388343601604363
2022-07-05,0.016069397730297384
2022-07-06,0.013318060255625597
2022-07-07,-0.004107213557713835
2022-07-08,0.005052123971095615
2022-07-11,-0.006360306988417143
2022-07-12,-0.0011356660092753147
2022-07-13,0.0005168274083494832
2022-07-14,0.009814017750952295
2022-07-15,-0.00613809180686541
2022-07-18,-0.021924908382478073
2022-07-19,0.013049942506544442
2022-07-20,0.0014543879757067276
2022-07-21,-0.006535320257680422
2022-07-22,-0.007309146630244412
2022-07-25,0.008099259972000675
2022-07-26,0.000521734700213502
2022-07-27,0.015642924283529914
2022-07-28,0.015607395851596016
2022-07-29,0.0071782333250953465
2022-08-01,-0.011343152496061043
2022-08-02,-0.01614373410881675
2022-08-03,-0.008771913939486226
2022-08-04,0.003227460163917993
2022-08-05,-0.051681230026877065
2022-08-08,-0.021339428834019254
2022-08-09,-0.00693282728912334
2022-08-10,0.011372617543020474
2022-08-11,-0.00578931913641913
2022-08-12,0.008062637925009804
2022-08-15,0.019662345461743228
2022-08-16,0.005338248816670862
2022-08-17,-0.008344133650326357
2022-08-18,-0.002731941800502051
2022-08-19,-0.007341724552446067
2022-08-22,-0.011038746444696951
2022-08-23,0.006362399235612813
2022-08-24,0.0029946387766161438
2022-08-25,0.00829370781232955
2022-08-26,-0.02226364084780161
2022-08-29,-0.006281606039296815
2022-08-30,-0.0006772498145830556
2022-08-31,0.003388716320958196
2022-09-01,0.0019137472187452063
2022-09-02,-0.0068539394421523875
2022-09-06,0.002262664889955974
2022-09-07,0.020995605454789096
2022-09-08,0.01072417085053286
2022-09-09,0.011047934330122957
2022-09-12,0.012225438166039826
2022-09-13,-0.04307395130887012
2022-09-14,-0.006701647294781811
2022-09-15,-0.017541859363998644
2022-09-16,-0.0014879807568460432
2022-09-19,0.006992212577814535
2022-09-20,-0.0017074732895196781
2022-09-21,-0.007525610669112713
2022-09-22,-0.003102071112372548
2022-09-23,0.0036879071937798583
2022-09-26,0.009415631630495153
2022-09-27,-0.006370210040494544
2022-09-28,0.02346883901051424
2022-09-29,-0.015548091341431017
2022-09-30,-0.011930496832990816
2022-10-03,0.02426403671303992
2022-10-04,0.02896600246878197
2022-10-05,0.005782856197195163
2022-10-06,-0.00477329615914033
2022-10-07,-0.01580550449102232
2022-10-10,0.008085011852220768
2022-10-11,-0.01713906411918754
2022-10-12,0.001229606656352571
2022-10-13,0.005693894584884531
2022-10-14,-0.02975133493227642
2022-10-17,0.022654412963056883
2022-10-18,0.01230707246943398
2022-10-19,-0.02475691213590575
2022-10-20,-0.013939208491799913
2022-10-21,0.006665833667629
2022-10-24,0.028770457561610913
2022-10-25,0.017201232285639922
2022-10-26,0.003818442724607668
2022-10-27,-0.0030431341462453985
2022-10-28,0.01973179431326095
2022-10-31,0.0019243136991021963
2022-11-01,0.0067221216945396265
2022-11-02,-0.0279809160820766
2022-11-03,-0.006760470535071714
2022-11-04,0.07520042132953994
2022-11-07,0.009801909950400369
2022-11-08,-0.010515681491220294
2022-11-09,-0.01665641981659204
2022-11-10,0.031902728751209364
2022-11-11,-0.011883184983999784
2022-11-14,-0.012229968854933815
2022-11-15,0.012587714029631838
2022-11-16,0.010699032589035906
2022-11-17,-0.002318815921689909
2022-11-18,0.007477747277845729
2022-11-21,0.014042142113662217
2022-11-22,0.020375917102665314
2022-11-23,0.0074641005790233965
2022-11-25,-0.005388218579326433
2022-11-28,-0.01441429286615096
2022-11-29,-0.020514295192724966
2022-11-30,0.03076460233147995
2022-12-01,0.0037915553892111193
2022-12-02,0.007651340586221247
2022-12-05,-0.017973882450273457
2022-12-06,-0.007144912798490639
2022-12-07,-0.0020701801993149188
2022-12-08,0.003062309081436153
2022-12-09,-0.014772503313722369
2022-12-12,0.007796868973996684
2022-12-13,-0.00376906620281885
2022-12-14,0.014536031949266198
2022-12-15,-0.022080470719409967
2022-12-16,0.011339661175263612
2022-12-19,-0.003572143428379531
2022-12-20,0.007369104826302494
2022-12-21,0.00780934418282068
2022-12-22,-0.011181946285169489
2022-12-23,0.0044638883893947405
2022-12-27,0.00740667572760847
2022-12-28,-0.006764066532267866
2022-12-29,0.006908773690787386
2022-12-30,-0.004802959026590333
2023-01-03,-0.0020683451885894974
2023-01-04,0.008191885447637708
2023-01-05,-0.017327501184740763
2023-01-06,0.02042242586022794
2023-01-09,-0.01249632700852581
2023-01-10,-0.006129537688868997
2023-01-11,0.011538880694269598
2023-01-12,-0.016225798861885528
2023-01-13,0.02039185222768938
2023-01-17,0.0008816255512962422
2023-01-18,-0.013996283946400534
2023-01-19,-0.008735331269392988
2023-01-20,0.0014019566272055986
2023-01-23,0.001100006103515625
2023-01-24,0.02906798536582912
2023-01-25,0.0048534266772726755
2023-01-26,0.0037674558702672713
2023-01-27,-0.010778584420264423
2023-01-30,-0.004085982733772581
2023-01-31,0.016704103141481554
2023-02-01,-0.0003843285436550458
2023-02-02,-0.014033055282824013
2023-02-03,-0.00760380937194272
2023-02-06,0.010019613089282649
2023-02-07,-0.0030149538952911974
2023-02-08,-0.004097217730828625
2023-02-09,0.007444432985530381
2023-02-10,-0.00048610037049111863
2023-02-13,0.013813211350104444
2023-02-14,0.0002878409033343572
2023-02-15,0.008153462581497302
2023-02-16,-0.010085609647794187
2023-02-17,0.0013456304153832762
2023-02-21,-0.01727781768559264
2023-02-22,-0.0004883319369459365
2023-02-23,0.003518035804845564
2023-02-24,-0.01421753870641609
2023-02-27,0.0107675224908107
2023-02-28,-0.005473001957231994
2023-03-01,-0.02525549961549382
2023-03-02,0.029841707950568848
2023-03-03,-0.0013705275335993974
2023-03-06,0.019311843735404136
2023-03-07,-0.00730911821210083
2023-03-08,-0.0009687897010122955
2023-03-09,-0.010861159006506664
2023-03-10,-0.01794119442210478
2023-03-13,0.0014974695879091042
2023-03-14,0.01315789173484538
2023-03-15,0.006985429838018736
2023-03-16,0.010258945455903478
2023-03-17,-0.0039652191108213814
2023-03-20,0.015147152348248273
2023-03-21,-0.007269269383514291
2023-03-22,-0.013874192395260117
2023-03-23,0.00039082477893204724
2023-03-24,0.016505542059580363
2023-03-27,0.005668681086769408
2023-03-28,-0.014044150629776753
2023-03-29,0.010658974186475123
2023-03-30,0.006519657576983368
2023-03-31,0.028957831862481367
2023-04-03,-0.007961423881531222
2023-04-04,-0.007838782554858877
2023-04-05,-0.00677202053018982
2023-04-06,-0.0045454141522236185
2023-04-10,-0.00399548884480504
2023-04-11,-0.001337147982130748
2023-04-12,0.0036343237536855463
2023-04-13,0.007623360050996402
2023-04-14,-0.0058633925639593135
2023-04-17,0.006088274095571664
2023-04-18,-0.003782162611567088
2023-04-19,-0.003606655763255892
2023-04-20,0.007811008464499733
2023-04-21,0.003213575879806897
2023-04-24,0.011871133818315751
2023-04-25,0.009497175312615147
2023-04-26,0.0009223249936351342
2023-04-27,0.018798387197127547
2023-04-28,0.013024624395845237
2023-05-01,0.015000002724783761
2023-05-02,0.012315284325480118
2023-05-03,0.014250950326330971
2023-05-04,-0.009252928544890411
2023-05-05,0.03268764094818253
2023-05-08,-0.011220870527856745
2023-05-09,-0.005928222957163096
2023-05-10,0.00715627864151016
2023-05-11,0.002875962902892303
2023-05-12,0.004386001038874391
2023-05-15,0.003023182774739247
2023-05-16,0.003683814492783247
2023-05-17,-0.004838123247818307
2023-05-18,0.0033528406223999785
2023-05-19,-0.0028404038977347516
2023-05-22,-0.009383400979011879
2023-05-23,-0.019959410123388553
2023-05-24,-0.006385898181816745
2023-05-25,-0.00416880085186292
2023-05-26,0.004883983435444519
2023-05-30,0.0024301230370631505
2023-05-31,0.01506491656943317
2023-06-01,0.012623706788645009
2023-06-02,0.0020215453276770934
2023-06-05,-0.003698742810966293
2023-06-06,-0.015693495052641344
2023-06-07,-0.024515691072967773
2023-06-08,0.011072007671764953
2023-06-09,-0.004867004784252441
2023-06-12,0.011528381614185316
2023-06-13,0.004662415100588844
2023-06-14,0.005156397997369183
2023-06-15,0.005471951048718864
2023-06-16,-0.005952355079292182
2023-06-20,-0.001539780178154518
2023-06-21,0.0008567381175057475
2023-06-22,0.02191403497073603
2023-06-23,-0.009716837488716159
2023-06-26,-0.02368468129627684
2023-06-27,0.007277802639154487
2023-06-28,-0.016858756652833876
2023-06-29,0.004724350583685378
2023-06-30,0.0003483186764448349
2023-07-03,-0.008530603681833785
2023-07-05,0.00035119328350715826
2023-07-06,-0.006319125902014846
2023-07-07,-0.013071924933551088
2023-07-10,0.009128372041894076
2023-07-11,-0.015076308490867765
2023-07-12,0.012245638756061062
2023-07-13,0.009428973538989926
2023-07-14,0.010045817376853151
2023-07-17,-0.0003489872148736847
2023-07-18,-0.012916768487365022
2023-07-19,0.012378439829946122
2023-07-20,0.0057642241232259825
2023-07-21,0.009030854924112834
2023-07-24,0.004819321882062689
2023-07-25,-0.005138732983415346
2023-07-26,0.0015495236751611986
2023-07-27,-0.010486450315550299
2023-07-28,0.010250176138141345
2023-07-31,-0.011349954085871949
2023-08-01,0.0038267072461794804
2023-08-02,-0.0013862072019846208
2023-08-03,0.006073199160753378
2023-08-04,-0.04949980949541187
2023-08-07,0.061331900393417044
2023-08-08,-0.018464725595183085
2023-08-09,0.0017418302453732094
2023-08-10,0.010259088329115453
2023-08-11,0.0013769678684298404
2023-08-14,0.014266036644960003
2023-08-15,-0.013557011689807505
2023-08-16,0.001546128740824837
2023-08-17,-0.018010278744447668
2023-08-18,0.0019214080410753275
2023-08-21,0.0010459825306020384
2023-08-22,-0.0012190821500596453
2023-08-23,0.009764627518581601
2023-08-24,-0.015196012267897805
2023-08-25,0.0054357597742673075
2023-08-28,0.006452719408792444
2023-08-29,0.013515900300958533
2023-08-30,-0.005812961922226484
2023-08-31,-0.012725737902817917
2023-09-01,-0.014979979317842292
2023-09-05,-0.010433247755045569
2023-09-06,0.0057183649045664435
2023-09-07,0.006396599469792315
2023-09-08,-0.004766957285896746
2023-09-11,0.007273369792104071
2023-09-12,-0.011095408012718704
2023-09-13,0.006589473229386062
2023-09-14,0.006192471183411277
2023-09-15,-0.012836285492297525
2023-09-18,0.0023156585238439647
2023-09-19,-0.004620617275907553
2023-09-20,-0.0044634887964973705
2023-09-21,-0.018113313341746737
2023-09-22,-0.004200904881028824
2023-09-25,0.002384465646069564
2023-09-26,-0.00658738518389772
2023-09-27,-0.02155096636419376
2023-09-28,0.0007530292984123836
2023-09-29,-0.0039503213896807275
2023-10-02,-0.007743150925487328
2023-10-03,-0.03559198161394364
2023-10-04,0.03276107602322275
2023-10-05,-0.0428053047981644
2023-10-06,-0.002395666430808863
2023-10-09,-0.0066039988591788164
2023-10-10,0.015310276905219987
2023-10-11,-0.015873075943202794
2023-10-12,-0.04153221012029987
2023-10-13,0.0037862915799185483
2023-10-16,0.019907731013008342
2023-10-17,0.023012179755878177
2023-10-18,0.0010042023727891574
2023-10-19,0.011235982575773289
2023-10-20,-0.008333372439025018
2023-10-23,0.006402554977092354
2023-10-24,-0.004970179001827946
2023-10-25,0.0005994524365931376
2023-10-26,-0.00039937014841060885
2023-10-27,-0.003196161466696955
2023-10-30,0.015631237584078143
2023-10-31,0.008287256638047405
2023-11-01,0.010763269436032452
2023-11-02,0.019554661988289583
2023-11-03,0.05507029119411253
2023-11-06,0.010439128906073793
2023-11-07,-0.0028500151256077764
2023-11-08,-0.005716321854965045
2023-11-09,-0.0104203740198966
2023-11-10,0.0036310265358311428
2023-11-13,0.004703367257089071
2023-11-14,0.002520694766666772
2023-11-15,-0.0046695785704997566
2023-11-16,-0.005774083460788187
2023-11-17,-0.005626090148429805
2023-11-20,0.0005475228836576534
2023-11-21,-0.000364838706220573
2023-11-22,0.007664269881203504
2023-11-24,-0.0009055242783852985
2023-11-27,-0.008156551806729744
2023-11-28,0.010233873284013687
2023-11-29,-0.010311137977768762
2023-11-30,0.008042450169426668
2023-12-01,0.00126926007048924
2023-12-04,-0.0009055242783852985
2023-12-05,-0.016494469414797625
2023-12-06,0.0007372081969171256
2023-12-07,0.0
2023-12-08,-0.006998178148331871
2023-12-11,0.02485163572130183
2023-12-12,0.009772003835130796
2023-12-13,0.013440860398827288
2023-12-14,-0.017506593759964675
2023-12-15,-0.00845934501594641
2023-12-18,0.003811927462171034
2023-12-19,0.005063338116766023
2023-12-20,-0.021950363089435224
2023-12-21,0.018763805119778404
2023-12-22,0.01137589818106173
2023-12-26,0.013926131358126937
2023-12-27,0.009684790072087635
2023-12-28,0.001395152008101475
2023-12-29,0.0033089942087286546
2024-01-02,0.017010927475328622
2024-01-03,-0.01894522286159329
2024-01-04,0.004001383856437305
2024-01-05,-0.002945731617435632
2024-01-08,0.0072992381345613555
2024-01-09,0.013457601903294395
2024-01-10,0.0028940783807915905
2024-01-11,-0.00475299236160455
2024-01-12,0.0071635367779947084
2024-01-16,-0.014902643175021995
2024-01-17,-0.018222410038851285
2024-01-18,0.0024513988470009174
2024-01-19,-0.001222702092999454
2024-01-22,-0.015040234448437342
2024-01-23,-0.01331676143579462
2024-01-24,-0.008997660657654637
2024-01-25,0.0012711039624501343
2024-01-26,0.005440682632957491
2024-01-29,0.002705655295717142
2024-01-30,-0.005036855163308363
2024-01-31,-0.005243191255232622
2024-02-01,0.0167211588747905
2024-02-02,-0.010547017645191548
2024-02-05,-0.0041553667312902364
2024-02-06,0.02213354942569496
2024-02-07,0.0021299064884587804
2024-02-08,0.0005313955805995007
2024-02-09,-0.01469289797120103
2024-02-12,0.004850888582534293
2024-02-13,0.0041122750041366245
2024-02-14,-0.005163833979972975
2024-02-15,0.0053695944656504836
2024-02-16,-0.020473522319205618
2024-02-20,0.006906598781418472
2024-02-21,-0.004693179225076635
2024-02-22,-0.0005440475086858043
2024-02-23,0.0032662003843631055
2024-02-26,0.007777180286770846
2024-02-27,0.006999271017667005
2024-02-28,-0.004633793145646514
2024-02-29,0.05819158619146489
2024-03-01,-0.005245305695388347
2024-03-04,-0.00493282719869375
2024-03-05,-0.01042736086071047
2024-03-06,0.007255173399046201
2024-03-07,0.018350191555892053
2024-03-08,-0.003368150207845749
2024-03-11,-0.00033795974417936373
2024-03-12,0.011156184062109668
2024-03-13,0.017218301313130784
2024-03-14,-0.00903860724490332
2024-03-15,0.002487587525319816
2024-03-18,0.0056244854970512615
2024-03-19,-0.004112518444396725
2024-03-20,-0.006607226954572338
2024-03-21,-0.004323217894444395
2024-03-22,-0.006346043108499149
2024-03-25,-0.006890753738018645
2024-03-26,0.003892359817945526
2024-03-27,-0.0020229085047557033
2024-03-28,0.0013513178264602736
2024-04-01,-0.0259783591859302
2024-04-02,-0.014547975894866576
2024-04-03,-0.016695970781430994
2024-04-04,-0.0035746337839539584
2024-04-05,0.00269061032966648
2024-04-08,-0.0044722717920546474
2024-04-09,0.0017969177246938885
2024-04-10,-0.0168609619140625
2024-04-11,-0.00145962103722319
2024-04-12,0.005116001857094734
2024-04-15,-0.016360620589754574
2024-04-16,0.010718869152007824
2024-04-17,-0.008045321590008269
2024-04-18,-0.01456222885764689
2024-04-19,-0.005985778157582535
2024-04-22,0.008656362246068507
2024-04-23,0.0024253931308972124
2024-04-24,0.01116698853396987
2024-04-25,-0.021719128757718916
2024-04-26,0.004139179674317449
2024-04-29,0.014240250167522894
2024-04-30,-0.012562355288338042
2024-05-01,0.0016838194818192388
2024-05-02,-0.0028016720828146963
2024-05-03,0.030155471600618124
2024-05-06,-0.014181795987215908
2024-05-07,0.008299464000571853
2024-05-08,-0.006767860696489641
2024-05-09,0.016574613969140575
2024-05-10,0.004710114455428822
2024-05-13,-0.01334291157564608
2024-05-14,-0.004385995488172487
2024-05-15,-0.004405247169348263
2024-05-16,-0.0027655147720700873
2024-05-17,0.0003697625754714473
2024-05-20,-0.009794839647358701
2024-05-21,-0.0037327502072523958
2024-05-22,-0.005245458755927055
2024-05-23,-0.008662883195690528
2024-05-24,0.0011398437307507793
2024-05-28,-0.019924083906255736
2024-05-29,0.00929331128859362
2024-05-30,-0.017072690800169505
2024-05-31,0.013270813196797352
2024-06-03,-0.000577788527635543
2024-06-04,0.005781446147413019
2024-06-05,-0.003640517948045123
2024-06-06,0.008653860825758714
2024-06-07,0.004575745667845841
2024-06-10,-0.032074372191239924
2024-06-11,0.00313725191004136
2024-06-12,-0.027169651950629346
2024-06-13,-0.021097030890156573
2024-06-14,-0.014162611332469337
2024-06-17,0.022902400932238012
2024-06-18,-0.01445151401860451
2024-06-20,0.005369726271431871
2024-06-21,0.008422346853775946
2024-06-24,0.008148330100541246
2024-06-25,0.013133919764332034
2024-06-26,0.00638212402711524
2024-06-27,0.002179956645806033
2024-06-28,-0.012260212292392436
2024-07-01,-0.0010009857116487564
2024-07-02,-0.011222472067472589
2024-07-03,-0.003648161828518766
2024-07-05,0.012001630480455536
2024-07-08,0.008643222214588568
2024-07-09,-0.007572759382307924
2024-07-10,0.0010040007595690495
2024-07-11,0.008625884018813154
2024-07-12,0.010938803999817915
2024-07-15,-0.019083241899678645
2024-07-16,0.012635400328985118
2024-07-17,0.004555348278675526
2024-07-18,0.005717608317243213
2024-07-19,-0.0023524590439774557
2024-07-22,-0.010414595905943012
2024-07-23,-0.0009928363076760858
2024-07-24,-0.014311293998202216
2024-07-25,0.010284297639926273
2024-07-26,0.01796410286007888
2024-07-29,0.005294126622817095
2024-07-30,0.005851360140082052
2024-07-31,-0.002326913565927541
2024-08-01,-0.0013605382660099208
2024-08-02,0.004476440978103802
2024-08-05,-0.022088730404312078
2024-08-06,0.006538498283650814
2024-08-07,-0.00531496972084
2024-08-08,-0.10924204613330257
2024-08-09,0.023328217971860736
2024-08-12,-0.0036908809937890668
2024-08-13,0.013292669829260499
2024-08-14,-0.005591361753402218
2024-08-15,0.01621972259463093
2024-08-16,-0.005320280720793476
2024-08-19,-0.002995361560078909
2024-08-20,0.0023605281964258085
2024-08-21,0.006422591371025581
2024-08-22,-0.01127417141502228
2024-08-23,0.0036575298045796556
2024-08-26,0.013504763833040397
2024-08-27,0.006556712802343812
2024-08-28,-0.011346940823617105
2024-08-29,-0.001062683057838676
2024-08-30,0.0027659801726645614
2024-09-03,0.02482491284594621
2024-09-04,0.0016563526359913928
2024-09-05,-0.003307148488625335
2024-09-06,0.008917467737250115
2024-09-09,0.04295991956909056
2024-09-10,-0.00808040665844334
2024-09-11,-0.013510834103650013
2024-09-12,0.005236622629259841
2024-09-13,0.018433219524248933
2024-09-16,-0.001573909663048846
2024-09-17,0.006305412705895936
2024-09-18,0.025063614390947387
2024-09-19,-0.0099330784760856
2024-09-20,-0.012541028418205622
2024-09-23,0.02246974441230333
2024-09-24,0.0022931191990433588
2024-09-25,-0.014871355245914146
2024-09-26,0.0065802238172370875
2024-09-27,0.00865219722095518
2024-09-30,-0.005528038897987315
2024-10-01,-0.011117462846733837
2024-10-02,-0.012599370497313333
2024-10-03,-0.012367437581508827
2024-10-04,0.01272111652114177
2024-10-07,-0.03356229752437007
2024-10-08,0.00507717285698891
2024-10-09,0.005657683770471623
2024-10-10,0.02009242497091456
2024-10-11,0.010636220418721065
2024-10-14,0.007211048956965443
2024-10-15,0.018188827808788596
2024-10-16,0.018244069149690043
2024-10-17,-0.0026129749824785934
2024-10-18,0.011414682373264283
2024-10-21,-0.005180366017561159
2024-10-22,-0.0031616511473923953
2024-10-23,-0.000746214588968493
2024-10-24,-0.002240529191656696
2024-10-25,-0.0013098745625572178
2024-10-28,-0.005059030600848783
2024-10-29,-0.011676063082881808
2024-10-30,0.0022865650329929885
2024-10-31,0.0015209474025754575
2024-11-01,-0.007213383939139793
2024-11-04,0.03365204898479818
2024-11-05,0.000924884124868883
2024-11-06,0.006098651129829988
2024-11-07,0.005326982418127128
2024-11-08,-0.010780196556233747
2024-11-11,0.029553053322055996
2024-11-12,0.005023300517858483
2024-11-13,0.006426287172614097
2024-11-14,-0.007449485201945184
2024-11-15,-0.07076481682022483
2024-11-18,0.02442308572622446
2024-11-19,0.00863523710380624
2024-11-20,-0.0005583245775629204
2024-11-21,0.00521412989420502
2024-11-22,0.0014820643151745591
2024-11-25,0.01701809370282126
2024-11-26,-0.0027282232162699547
2024-11-27,0.005653794423515287
2024-11-29,-0.00018132610888421834
2024-12-02,-0.002720869272133218
2024-12-03,-0.014368878175789272
2024-12-04,-0.008119554121784372
2024-12-05,-0.012093051644258722
2024-12-06,-0.015630848214843757
2024-12-09,0.01798352053714907
2024-12-10,-0.0037587063781366584
2024-12-11,-0.017166570009915623
2024-12-12,0.015738958135124048
2024-12-13,-0.00302342881610304
2024-12-16,-0.00966638244423626
2024-12-17,-0.005741612192546351
2024-12-18,-0.007892200989236533
2024-12-19,-0.012417527712065411
2024-12-20,0.01611001316782494
2024-12-23,0.0027068713523617787
2024-12-24,0.012533700415188526
2024-12-26,0.0030470358508180896
2024-12-27,-0.002278316613945091
2024-12-30,-0.00038059863090476854
2024-12-31,0.0005711516217656043
2025-01-02,-0.004756468673287373
2025-01-03,0.0015293063325796067
2025-01-06,-0.009925567165904892
2025-01-07,-0.006169263570728806
2025-01-08,0.0009699173191180419
2025-01-10,-0.036046450594124334
2025-01-13,0.005026135737108927
2025-01-14,0.00220037591440366
2025-01-15,-0.016766470622185517
2025-01-16,0.007917239497249833
2025-01-17,-0.004632494458508926
2025-01-21,-0.004046882955326821
2025-01-22,-0.00020321283995136533
2025-01-23,-0.022353149656289647
2025-01-24,0.0035335308000128134
2025-01-27,0.021955289977048605
2025-01-28,-0.013984568799657652
2025-01-29,0.009249680043747087
2025-01-30,0.005295359354593602
2025-01-31,-0.01316858828690109
2025-02-03,-0.024840876764835932
2025-02-04,-0.01873682925575658
2025-02-05,-0.00965459680426421
2025-02-06,0.003032915730312472
2025-02-07,0.005831543460319361
2025-02-10,0.026626619853824272
2025-02-11,0.005229031433152439
2025-02-12,0.0022887389203327564
2025-02-13,0.02802579074393014
2025-02-14,-0.005452351681498048
2025-02-18,0.0365482078590974
2025-02-19,0.01253671692875991
2025-02-20,-0.00928612023580719
2025-02-21,0.034954129028096165
2025-02-24,-0.008301860881301592
2025-02-25,-0.008181131924290454
2025-02-26,-0.009207740886272776
2025-02-27,0.005227427591287217
2025-02-28,0.05258096019283912
2025-03-03,0.009515034374155828
2025-03-04,-0.006344000103993201
2025-03-05,0.009667982164306987
2025-03-06,0.006142731020071442
2025-03-07,-0.011133039094517296
2025-03-10,0.012711108894472049
2025-03-11,-0.009682641403890663
2025-03-12,-0.01502802866624493
2025-03-13,-0.0011029663898533544
2025-03-14,0.013801987447441735
2025-03-17,0.020330349043067717
2025-03-18,0.01049635584767108
2025-03-19,0.00035212074000561054
2025-03-20,0.0008799584183225779
2025-03-21,0.007736986982068642
2025-03-24,0.009073467899200138
2025-03-25,0.00017289159980337455
2025-03-26,-0.001383157518043472
2025-03-27,0.014196737073238161
2025-03-28,-0.01229090471488232
2025-03-31,0.01140684134894445
2025-04-01,0.008885858743951616
2025-04-02,0.005420048947527367
2025-04-03,0.004885460117006326
2025-04-04,-0.04308465430146276
2025-04-07,0.0005255567332612453
2025-04-08,-0.036771183091840486
2025-04-09,0.058898414421483906
2025-04-10,-0.008240335489035676
2025-04-11,0.006577826988127819
2025-04-14,0.007394674013626899
2025-04-15,0.00102419864660953
2025-04-16,-0.011766688845341086
2025-04-17,0.007937861577507309
2025-04-21,-0.006848168582842901
2025-04-22,0.02189278563195976
2025-04-23,-0.0032051051049505094
2025-04-24,-0.00846166861920548
2025-04-25,0.0013653868603700353
2025-04-28,-0.003067947777332466
2025-04-29,0.01299364506281076
2025-04-30,0.014683526276536128
2025-05-01,-0.009980014716914495
2025-05-02,0.008904549314863841
2025-05-05,0.014321409180315247
2025-05-06,-0.014611712229157903
2025-05-07,0.00899701618475236
2025-05-08,-0.006935303403540097
2025-05-09,0.014299977038237044
2025-05-12,0.0059016493500256145
2025-05-13,-0.018415923351940137
2025-05-14,0.012784334444892508
2025-05-15,0.02180330870581455
2025-05-16,0.008503108675232119
2025-05-19,0.0006363492704255008
2025-05-20,0.001430844998483218
2025-05-21,0.001746258020689963
2025-05-22,-0.0036450007574985403
2025-05-23,0.007793887176579712
2025-05-27,0.01388884540626405
2025-05-28,-0.007316273686723321
2025-05-29,-0.002038592867838178
2025-05-30,0.004871171845759632
2025-06-02,-0.001876449264318193
2025-06-03,0.0025066558486963094
2025-06-04,-0.012970804958331333
2025-06-05,-0.0025332464819292607
2025-06-06,0.006507934085906498
2025-06-09,-0.00646585472951775
2025-06-10,0.0006349351671006945
2025-06-11,-0.007138336871892617
2025-06-12,0.01757466802108024
2025-06-13,-0.00989161983046069
2025-06-16,0.013003483618246933
2025-06-17,-0.017219822642855424
2025-06-18,0.006530739971076841
2025-06-20,-0.0015825047680698423
2025-06-23,0.001902027763425887
2025-06-24,0.005695311114788413
2025-06-25,-0.021551029392191567
2025-06-26,-0.00016080604674893043
2025-06-27,-0.00771827549181165
2025-06-30,0.015070496175226586
2025-07-01,0.014367840591448598
2025-07-02,-0.00786905874717755
2025-07-03,0.0006345322802413086
2025-07-07,-0.0036462167130179384
2025-07-08,-0.020047706477702078
2025-07-09,-0.032797539418073784
2025-07-10,-0.006714814972773295
2025-07-11,-0.005746093432686096
2025-07-14,0.014278366679349902
2025-07-15,-0.012233946114250922
2025-07-16,-0.004920208815523527
2025-07-17,0.007502107677095934
2025-07-18,-0.001523102933753318
2025-07-21,0.007288140765691208
2025-07-22,0.0026922403935807303
2025-07-23,-0.006712561249448744
2025-07-24,0.016725827022068335
2025-07-25,0.007976064137624236
2025-07-28,-0.007418410222080658
2025-07-29,0.01959807877625574
2025-07-30,-0.005701229477127351
2025-07-31,-0.037516397135977333
2025-08-01,0.004595752472573138
2025-08-04,0.022534700204030072
2025-08-05,-0.02170667094806133
2025-08-06,0.007791312285560583
2025-08-07,0.021848726673286502
2025-08-08,0.06398031666379624
2025-08-11,-0.01592212946547773
2025-08-12,0.005812110159780447
2025-08-13,0.0018741644365114732
2025-08-14,0.0007793518499467607
2025-08-15,0.006853620908439893
2025-08-18,-0.008044502598644507
2025-08-19,-0.0020274651052188887
2025-08-20,0.0062509407827729966
2025-08-21,-0.00046589190217786693
2025-08-22,-0.02361716040007615
2025-08-25,-0.008593267253598269
2025-08-26,-0.002889250519744855
2025-08-27,-0.006278161563976779
2025-08-28,0.004697892721170717
2025-08-29,0.006288284211059166
2025-09-02,0.004165972154604711
2025-09-03,0.013403545191168261
2025-09-04,-0.0009446946965735897
2025-09-05,-0.015602863145197116
2025-09-08,0.008965760190512555
2025-09-09,0.005236401364017575
2025-09-10,-0.008208313426855542
2025-09-11,0.0154384430644155
2025-09-12,0.013949893651859363
2025-09-15,-0.00525589665254873
2025-09-16,0.02812750941581126
2025-09-17,0.005441247899494957
2025-09-18,-0.028262136925617642
2025-09-19,-0.007889884607767204
2025-09-22,-0.002338963318350152
2025-09-23,0.007815001848619718
2025-09-24,0.006978860496504594
2025-09-25,-0.005236469516203797
2025-09-26,0.01161170525659289
2025-09-29,0.024793431854580508
2025-09-30,0.00522697847829354
2025-10-01,0.001782836888050221
2025-10-02,0.0022245517603444597
2025-10-03,-0.0060669377182669465
2025-10-06,-0.0011910351829021596
2025-10-07,0.015799750273493736
2025-10-08,0.008510664975325655
2025-10-09,0.004364839338146449
2025-10-10,0.008547066170050509
2025-10-13,-0.03547832696436354
2025-10-14,0.021742353705084993
2025-10-15,0.0005830187315478408
2025-10-16,0.021995660636092557
2025-10-17,0.0008551532990605058
2025-10-20,-0.006550827064597567
2025-10-21,-0.012327990023167068
2025-10-22,0.011901301548102667
2025-10-23,0.0024382984218140275
2025-10-24,-0.002861596079392862
2025-10-27,-0.00014352325843119772
2025-10-28,-0.005166484052452306
2025-10-29,-0.03981538009782398
2025-10-30,0.00015027248493607173
2025-10-31,0.003905695319549232
2025-11-03,-0.004788264043942023
2025-11-04,0.005412728894733516
2025-11-05,0.014954388498976302
2025-11-06,-0.022985194119015177
2025-11-07,0.051576020573938515
2025-11-10,0.004302243050637273
2025-11-11,0.02684570777642638
2025-11-12,-0.019885971802964503
2025-11-13,0.008513031293181228
2025-11-14,0.0032357304672800094
2025-11-17,0.007432320816746452
2025-11-18,0.014755084103883813
2025-11-19,-0.008230431571501396
2025-11-20,-0.0011065259706478316
2025-11-21,-0.00249238856457096
2025-11-24,0.01665736997490158
2025-11-25,0.021572936607583998
2025-11-26,0.0029404065971727596
2025-11-28,-0.0006663519609241612
2025-12-01,0.012801695050273733
2025-12-02,-0.01632650314146234
2025-12-03,-0.009637280545125403
2025-12-04,-0.009866140675975306
2025-12-05,0.006551948041804415
2025-12-08,0.0027122943237158194
2025-12-09,-0.005004094324655181
2025-12-10,0.00394183657374333
2025-12-11,-0.018548642502854568
2025-12-12,0.02041665609805872
2025-12-15,0.01189667755705904
2025-12-16,0.006546397779005231
2025-12-17,-0.013273162312287923
2025-12-18,0.015065951059391873
2025-12-19,0.010601683825390193
2025-12-22,0.018358267593252237
2025-12-23,0.0001286956781437014
2025-12-24,-0.0032187460524488224
2025-12-26,-0.0014208294104001403
2025-12-29,0.004139176108260628
2025-12-30,-0.002833873490816176
2025-12-31,-0.009559558947886734
2026-01-02,-0.006651813212674726
2026-01-05,-0.006433895346670615
2026-01-06,0.0006608041888169831
2026-01-07,0.005678820631849275
2026-01-08,0.0059093491690772985
2026-01-09,0.009660546716845375
2026-01-12,0.0020688346222611023
2026-01-13,0.012000003937752015
2026-01-14,-0.008925117244912123
2026-01-15,0.00231571204685565
2026-01-16,0.0033371132667830024
2026-01-20,0.04221572379502509
2026-01-21,0.0015956456544759926
2026-01-22,-0.008700969335162767
2026-01-23,0.013722346627852865
2026-01-26,-0.010243857779153964
2026-01-27,0.0030803350014721085
2026-01-28,-0.0060189837995563876
2026-01-29,-0.01087490451471223
2026-01-30,0.008995517397144962
2026-02-02,0.00420995949600274
2026-02-03,0.010727530985831622
2026-02-04,-0.006465765175114008
2026-02-05,0.003806453208505051
2026-02-06,0.00966361976180237
2026-02-09,-0.01986914673440381
2026-02-10,-0.00902352710957706
2026-02-11,0.007733600607991479
2026-02-12,0.0047035183699934285
2026-02-13,0.0038192090055619294
2026-02-17,0.01742756640208799
2026-02-18,0.003377548542136851
2026-02-19,-0.014306352933881914
2026-02-20,0.021588051208415542
2026-02-23,0.011103155222742153
2026-02-24,0.01003658577893152
2026-02-25,-0.0015197247138954784
2026-02-26,0.014635287980376709
2026-02-27,-0.01569352126563779
2026-03-02,-0.049706979384178195
2026-03-03,-0.025536636530588734
2026-03-04,-0.004810700894983347
2026-03-05,-0.024297209607932007
2026-03-06,-0.014211165335849542
2026-03-09,0.001587127967376342
2026-03-10,0.012808577159792035
2026-03-11,0.01069100035789521
2026-03-12,-0.006836929853560301
2026-03-13,0.0015586796975156554
2026-03-16,-0.0007780775271540548
2026-03-17,0.0070083486663858495
2026-03-18,-0.04510890791588806
2026-03-19,-0.004723963981924235
2026-03-20,-0.0006779959833419708
2026-03-23,0.0036639521525473006
2026-03-24,-0.012979976965335047
2026-03-25,0.002876699787296661
2026-03-26,-0.01680092532332699
2026-03-27,-0.0020839332992953676
2026-03-30,-0.007100127011412333
2026-03-31,0.015984287640584058
2026-04-01,0.004278188828464654
2026-04-02,-0.0054966870267471254
2026-04-06,0.024734017515453028
2026-04-07,-0.023193111323724577
2026-04-08,0.03727218190565502
2026-04-09,0.01397395608579769
2026-04-10,-0.006168804379086067
2026-04-13,-0.0072636429330568
2026-04-14,-0.0013302976793526879
2026-04-15,-0.0018649179461511295
2026-04-16,0.005738693492919672
2026-04-17,0.018046717082493637
2026-04-20,0.006647577269496226
2026-04-21,-0.02537882466233534
2026-04-22,0.009034148206494178
2026-04-23,0.021198165570022777
2026-04-24,0.00863854847124871
2026-04-27,-0.017512497606976093
2026-04-28,0.004293544476113921
2026-04-29,-0.0038865532098608267
2026-04-30,0.0023410106204268533
2026-05-01,0.0006488004665344581
2026-05-04,-0.024896339859439887
2026-05-05,0.007978804891821878
2026-05-06,0.018469575727172862
2026-05-07,-0.0159325877741122
2026-05-08,0.1358430897591172
2026-05-11,0.0013906912192469048
2026-05-12,-0.006249287034391518
2026-05-13,0.0006987021855678017
2026-05-14,-0.00128011881718726
2026-05-15,0.014798376224452485
2026-05-18,0.01664949636707998
2026-05-19,-0.02473461055749986
2026-05-20,0.006137797205123454
2026-05-21,-0.0064456442943973385
2026-05-22,0.0054448705093230725
2026-05-26,0.007258869072154345
2026-05-27,0.020819031491020407
2026-05-28,-0.01400717200720022
2026-05-29,0.0010228886176870335
2026-06-01,0.011580343118326121
2026-06-02,-0.009652083334225285
2026-06-03,0.009066217941130366
2026-06-04,-0.005615453670922042
2026-06-05,0.011407297558016444
2026-06-08,-0.012060321543824757
2026-06-09,0.018989491149488526
2026-06-10,0.01175815352914289
2026-06-11,0.008990239042375052
2026-06-12,0.008692850835262443
2026-06-15,0.004308968199816329
2026-06-16,-0.0030033937424564293
2026-06-17,-0.013878357487748235
2026-06-18,-0.0034912427605655375
2026-06-22,0.018392822121001833
2026-06-23,0.007202814690595725
2026-06-24,0.010780173770062481
2026-06-25,0.011932470107999037
2026-06-26,0.005739282185686546
2026-06-29,0.013073274249193701
2026-06-30,-0.015567356130356067
2026-07-01,0.012796459554645616
2026-07-02,0.0025680534557631085
2026-07-06,-0.002356513638676403
2026-07-07,-0.004621593560060932
2026-07-08,-0.01826245023221163
2026-07-09,0.01471362588993899
2026-07-10,0.008700117155256079
2026-07-13,-0.003285755178454508
2026-07-14,0.009683758569707414
2026-07-15,-0.004489362634587662
2026-07-16,0.024290281377419665
2026-07-17,-0.0244146726215741
2026-07-20,-0.021025672325721154
2026-07-21,-0.01037190042348936
2026-07-22,0.01280964531230401
2026-07-23,-0.022054987464570405
2026-07-24,-0.0007481797418857359
2026-07-27,0.019681292216589288
2026-07-28,0.025280562115018904
2026-07-29,-0.005217869019669616
2026-07-30,0.004319635446308579
2026-07-31,-0.013005675910044557
2026-08-03,-0.02936287904448757
2026-08-04,0.0067343370696569
2026-08-05,0.0029730173963642185
2026-08-06,-0.003175899060670164
2026-08-07,-0.04035687026302612
2026-08-10,0.011841519340379913
2026-08-11,-0.004046841795330123
2026-08-12,0.009883610257070219
2026-08-13,0.015224027183742056
2026-08-14,0.002999130007137439
2026-08-17,-0.02776589588923592
2026-08-18,0.04086117292721445
2026-08-19,0.0010552814675682707
2026-08-20,0.0012650510838067188
2026-08-21,0.00631710310502209
2026-08-24,0.023645056115720302
2026-08-25,-0.0038838641418755524
2026-08-26,-0.01887950292607558
2026-08-27,-0.02321691232938685
2026-08-28,0.0034261208736228394
2026-08-31,-0.02005980429284501
2026-09-01,-0.02025253762112412
2026-09-02,-0.012669559641165796
2026-09-03,-0.007654127688107865
2026-09-04,-0.0058984148237329545
2026-09-08,-0.015289780319748588
2026-09-09,-0.00718427259162655
2026-09-10,0.005835667579587951
2026-09-11,0.007194276449135673
2026-09-14,0.01843316149616992
2026-09-15,0.009728513523835169
2026-09-16,-0.001344417921914012
2026-09-17,-0.0013462278147150942
2026-09-18,0.004493389586193178
2026-09-21,-0.015880096153239064
2026-09-22,0.006136374040083451
2026-09-23,-0.008131931480213682
2026-09-24,-0.02823961928435028
2026-09-25,0.010311752057361892
